34 4 23 4 62 14 34 106 11 14 34 106 11 14 34 106 11 14 34 106
34 106 11 14 34 106 11 14 34 131 23 14 34 106 11 14 34 106 11 14
131 23 14 34 106 11 14 34 106 11 14 34 106 11 14 34 106 11 14 34
14 31 11 14 31 11 14 31 11 14 31 11 14 31 11 14 31 11 14 31
34 4 23 14 34 131 23 14 34 106 11 14 34 106 11 14 31 11 14 31
131 23 14 34 106 11 14 34 131 23 14 34 106 11 14 34 131 23 14 34
34 106 11 14 34 131 23 14 34 4 23 14 34 121 11 14 34 106 11 14
31 11 14 31 11 14 31 11 14 31 11 14 31 11 14 31 11 14 31 11
34 106 11 14 34 106 11 14 34 106 11 14 34 106 11 14 34 106 11 14
34 131 23 14 34 106 11 14 34 106 11 14 34 106 11 14 34 106 11 14
75 75 3 137 14 34 106 11 14 34 106 11 14 34 106 11 14 34 106 1
34 106 11 14 34 106 11 14 34 131 23 14 34 106 11 14 34 131 23 14
120 62 14 31 11 14 31 11 14 31 11 14 31 11 14 31 106 11 62 14
11 14 31 11 14 31 11 14 31 11 14 31 11 14 31 11 14 31 11 14
31 11 14 31 11 14 31 11 14 31 11 14 31 11 14 31 11 14 31 11
62 134 106 11 14 31 11 14 31 11 14 31 11 14 31 11 14 31 11 14
14 34 121 11 14 34 121 11 14 34 121 11 14 34 121 11 14 34 121 11
31 11 14 31 11 14 31 11 14 31 11 14 31 11 14 31 11 14 31 11
75 34 123 59 34 120 74 75 34 62 14 34 131 23 14 34 106 11 14 34
34 106 11 14 34 106 11 14 34 106 11 14 34 131 23 14 34 106 11 14
11 14 34 106 11 14 34 106 11 14 34 106 11 14 34 106 11 14 34 106
11 14 31 11 14 129 18 62 14 31 11 14 31 11 14 31 11 14 31 11
34 121 11 14 34 121 11 14 34 121 11 14 34 121 11 14 34 121 131 13
75 34 34 113 50 23 18 14 31 11 14 31 11 14 31 11 14 31 11 14
14 31 11 14 31 106 11 62 14 31 11 14 31 106 11 62 14 31 11 14
14 34 106 11 14 34 106 11 14 34 106 11 14 34 106 11 14 34 106 11
34 106 11 14 34 106 11 14 34 106 11 14 34 106 11 14 34 106 11 14
131 23 14 34 106 11 14 34 106 11 14 34 131 23 14 34 106 11 14 34
14 31 11 14 31 11 14 31 11 14 31 11 14 34 131 23 14 31 11 14
34 106 11 14 34 106 11 14 34 106 11 14 34 106 11 14 34 106 11 14
14 34 131 23 14 34 106 11 14 34 106 11 14 34 106 11 14 34 131 23
23 14 34 4 23 14 34 4 23 14 34 4 23 14 34 131 23 14 34 106
14 31 11 14 31 11 14 31 11 14 31 11 14 31 11 14 31 11 14 31
34 121 11 14 34 121 11 14 34 121 11 14 34 121 11 14 34 121 11 14
14 31 11 14 31 11 14 31 11 14 31 11 14 31 11 14 31 11 14 31
34 106 11 14 34 106 11 14 34 106 11 14 34 106 11 14 34 106 11 14
31 11 14 31 11 14 31 11 14 31 11 14 31 11 14 31 11 14 31 11
14 34 131 23 14 34 131 23 14 34 106 11 14 34 106 11 14 34 106 11
31 11 14 31 11 14 31 11 14 31 11 14 31 11 14 31 11 14 31 11
31 11 14 31 11 14 31 11 14 31 11 14 31 11 14 31 11 14 31 11
34 106 11 14 34 106 11 14 34 106 11 14 34 106 11 14 34 106 11 14
23 14 34 106 11 14 34 106 11 14 34 106 11 14 34 106 11 14 34 106
62 134 23 121 75 34 34 137 120 106 34 62 75 34 106 11 14 34 106 11
34 106 11 14 34 106 11 14 34 106 11 14 34 106 106 11 62 14 34 106
34 106 11 14 34 106 11 14 34 106 11 14 34 106 11 14 34 131 23 14
11 14 31 11 14 31 11 14 31 11 14 31 11 14 31 11 14 31 11 14
31 11 14 31 11 14 31 11 14 31 11 14 31 11 14 31 11 14 31 11
11 14 31 11 14 120 18 2 23 20 131 23 14 34 106 11 14 34 106 11
34 106 11 14 34 106 11 14 34 106 106 11 62 14 34 106 11 14 34 106
14 34 106 11 14 34 106 11 14 34 106 11 14 34 106 11 14 34 106 11
11 14 34 121 11 14 34 121 11 14 34 121 11 14 34 121 11 14 34 121
14 34 121 11 14 34 121 11 14 34 121 11 14 34 121 11 14 34 121 11
14 31 11 14 31 11 14 31 11 14 31 106 11 62 14 31 11 14 31 11
31 11 14 31 11 14 34 131 23 14 31 11 14 31 11 14 31 11 14 31
34 106 11 14 34 106 11 14 34 106 11 14 34 106 11 14 34 106 11 14
14 31 11 14 31 11 14 31 11 14 31 11 14 31 11 14 31 11 14 31
14 34 106 11 14 34 106 11 14 34 106 11 14 34 106 11 14 34 131 23
31 11 14 31 11 14 31 11 14 31 11 14 31 11 14 31 11 14 31 11
31 11 14 31 11 14 31 11 14 31 11 14 31 11 14 31 11 14 31 11
34 106 11 14 34 106 11 14 34 106 11 14 34 106 11 14 34 106 11 14
14 31 11 14 31 11 14 31 11 14 31 11 14 31 11 14 31 11 14 31
14 31 11 14 31 11 14 31 11 14 31 11 14 31 11 14 31 11 14 31
62 134 106 11 14 31 11 14 31 11 14 31 11 14 31 11 14 31 11 14
34 121 11 14 34 121 11 14 34 121 121 11 23 62 84 121 11 14 34 121
14 31 11 14 31 11 14 31 11 14 31 11 14 31 11 14 31 11 14 31
31 11 14 31 11 14 31 11 14 31 11 14 31 11 14 31 11 14 31 11
34 106 11 14 34 106 11 14 34 106 11 14 34 106 11 14 34 106 11 14
14 31 11 14 31 11 14 31 11 14 31 11 14 31 11 14 31 11 14 31
62 134 106 11 14 31 11 14 31 11 14 31 11 14 31 11 14 31 11 14
106 11 14 34 106 11 14 34 106 11 14 34 106 11 14 34 106 11 14 34
129 18 62 14 31 11 14 31 11 14 31 11 14 31 11 14 31 11 14 31
14 34 106 11 14 34 106 11 14 34 106 11 14 34 106 11 14 34 106 11
14 31 11 14 31 11 14 31 11 14 31 11 14 31 11 14 31 11 14 31
23 14 34 4 23 14 34 131 23 14 34 106 11 14 34 106 11 14 34 106
34 106 11 14 34 106 11 14 34 106 11 14 34 106 11 14 34 106 11 14
75 34 123 98 34 120 51 75 34 123 59 34 120 74 75 34 123 59 34 120
34 106 11 14 34 106 11 14 34 106 11 14 34 106 11 14 34 131 23 14
14 34 106 11 14 34 106 11 14 34 106 11 14 3 123 0 34 120 74 75
34 106 11 14 34 106 11 14 34 106 11 14 34 106 11 14 34 106 11 14
34 106 11 14 34 131 23 14 34 106 11 14 31 11 14 31 11 14 31 11
34 106 11 14 34 106 11 14 34 106 11 14 120 18 29 23 125 23 14 34
14 31 11 14 31 11 14 31 11 14 31 11 14 31 11 14 31 11 14 31
31 11 14 31 11 14 34 131 23 14 31 11 14 31 11 14 31 11 14 31
14 34 106 11 14 34 106 11 14 34 106 11 14 34 106 11 14 34 106 11
34 106 11 14 34 106 11 14 34 106 11 14 34 131 23 14 34 106 11 14
31 11 14 31 11 14 31 11 14 31 11 14 31 11 14 129 112 50 94 75
11 14 34 106 11 14 34 106 11 14 34 106 11 14 34 106 11 14 34 106
14 34 106 11 14 34 106 11 14 34 106 11 14 34 106 11 14 34 106 11
34 34 113 50 4 23 14 34 4 23 14 34 131 23 14 34 106 11 14 34
14 34 106 11 14 34 106 11 14 34 106 11 14 34 106 11 14 34 106 11
14 34 106 11 14 34 106 11 14 34 106 11 14 34 106 11 14 34 106 11
96 75 34 123 98 34 120 51 75 34 34 113 57 68 131 94 75 31 18 62
14 34 131 23 14 34 106 11 14 120 106 23 14 34 106 11 14 34 106 11
34 121 11 14 34 121 23 123 0 42 131 23 14 34 4 23 14 34 131 23
31 11 14 129 112 139 23 34 131 27 34 34 106 11 14 34 131 23 14 34
14 31 11 14 31 11 14 34 131 23 14 31 11 14 31 11 14 31 11 14
23 14 34 4 23 14 34 131 23 14 34 106 106 11 62 14 34 106 11 14
34 106 11 14 34 106 11 14 34 131 23 14 34 106 11 14 34 106 11 14
14 31 11 14 31 11 14 31 11 14 31 11 14 120 18 14 31 11 14 31
34 106 11 14 34 131 23 14 34 106 11 14 34 106 11 14 34 106 11 14
34 131 23 14 34 106 11 14 34 106 11 14 34 106 11 14 34 106 11 14
34 106 11 14 34 106 11 14 34 106 11 14 34 106 11 14 34 106 11 14
34 106 11 14 34 106 11 14 34 106 11 14 34 106 11 14 34 106 106 11
31 11 14 31 11 14 31 11 14 31 11 14 31 11 14 31 11 14 31 11
14 31 11 14 31 11 14 31 11 14 31 11 14 31 11 14 31 11 14 31
62 34 31 11 14 31 11 14 31 11 14 31 11 14 31 11 14 31 11 14
11 14 31 11 14 31 11 14 31 11 14 31 11 14 31 11 14 31 11 14
31 11 14 31 11 14 31 11 14 31 11 14 31 11 14 31 11 14 31 11
62 134 106 11 14 31 11 14 31 11 14 31 11 14 31 11 14 31 11 14
34 106 11 14 34 106 11 14 34 106 11 14 34 106 11 14 34 106 11 14
14 34 106 11 14 34 106 11 14 34 106 11 14 34 106 11 14 34 106 11
34 106 11 14 34 106 11 14 34 106 11 14 34 106 11 14 34 106 11 14
14 34 106 11 14 34 106 11 14 34 106 11 14 34 106 11 14 34 106 11
31 11 14 31 11 14 31 106 11 62 14 31 11 14 34 131 23 14 34 131
31 11 14 31 11 14 31 11 14 31 11 14 31 11 14 31 11 14 31 11
34 106 11 14 34 106 11 14 34 106 11 14 34 106 11 14 34 131 23 14
14 34 106 11 14 34 106 11 14 34 106 11 14 34 106 106 11 62 14 34
14 34 131 23 14 34 106 11 14 34 106 11 14 34 106 11 14 34 106 11
123 98 34 120 51 75 34 123 59 34 120 55 23 121 23 14 34 131 23 14
31 11 14 31 11 14 31 11 14 31 11 14 31 11 14 31 11 14 31 11
34 106 11 14 34 106 11 14 34 106 11 14 34 106 11 14 34 106 11 14
34 106 11 14 34 106 11 14 34 106 11 14 34 106 11 14 34 106 11 14
62 14 34 106 11 14 34 106 11 14 34 106 11 14 34 106 11 14 34 106
14 31 11 14 31 11 14 31 11 14 31 11 14 31 11 14 31 11 14 31
62 134 106 11 14 31 11 14 31 11 14 31 11 14 31 11 14 31 11 14
34 131 23 14 34 106 11 14 34 106 11 14 34 106 11 14 34 131 23 14
14 34 106 11 14 34 106 11 14 34 106 11 14 34 106 11 14 34 106 11
18 14 31 11 14 31 11 14 31 11 14 31 11 14 31 11 14 31 11 14
14 31 11 14 31 11 14 31 11 14 31 11 14 31 11 14 31 11 14 31
14 31 11 14 31 11 14 31 11 14 31 11 14 31 11 14 31 11 14 31
23 14 34 106 11 14 34 106 11 14 34 106 11 14 34 106 11 14 34 106
31 11 14 31 11 14 31 11 14 31 11 14 34 131 23 14 31 11 14 31
23 14 34 4 23 14 34 131 23 14 34 106 11 14 34 106 11 14 34 106
62 134 106 11 14 31 11 14 31 11 14 31 11 14 31 11 14 31 11 14
14 34 106 11 14 34 106 11 14 34 106 11 14 34 106 11 14 34 106 11
31 11 14 31 11 14 31 11 14 31 11 14 31 11 14 31 11 14 31 11
106 11 14 34 106 11 14 34 106 11 14 34 106 11 14 34 106 11 14 31
31 11 14 31 11 14 31 11 14 31 11 14 31 11 14 129 18 62 14 31
14 34 106 11 14 34 106 11 14 34 106 11 14 34 106 11 14 34 106 11
14 34 106 11 14 34 106 11 14 34 106 11 14 34 106 11 14 34 106 11
31 11 14 31 11 14 31 11 14 31 11 14 31 11 14 31 11 14 31 11
34 106 11 14 34 106 11 14 34 106 11 14 34 106 11 14 34 106 11 14
31 11 14 31 11 14 31 11 14 31 11 14 31 11 14 31 11 14 31 106
23 14 31 11 14 31 11 14 31 11 14 31 11 14 31 11 14 31 11 14
31 11 14 31 11 14 31 11 14 31 11 14 31 11 14 31 11 14 31 11
31 11 14 34 121 121 23 113 7 98 34 120 51 75 34 123 59 34 120 74
34 131 23 14 34 106 11 14 34 106 11 14 34 106 11 14 34 106 11 14
31 11 14 31 11 14 31 11 14 31 11 14 31 11 14 31 11 14 31 11
14 34 106 11 14 34 106 11 14 34 106 11 14 34 106 11 14 34 106 11
14 34 106 11 14 34 106 11 14 34 106 11 14 34 106 11 14 34 106 11
14 34 106 11 14 34 106 11 14 34 106 11 14 34 106 11 14 34 106 11
14 31 11 14 31 11 14 31 11 14 31 11 14 31 11 14 34 131 23 14
14 31 11 14 31 11 14 31 11 14 31 11 14 31 11 14 31 11 14 31
34 121 11 14 34 121 11 14 34 121 11 14 34 121 11 14 34 121 11 14
4 23 14 34 4 23 14 34 131 23 14 34 106 11 14 34 131 23 14 34
31 11 14 31 11 14 31 11 14 31 11 14 31 11 14 31 11 14 31 11
14 34 4 23 14 34 131 23 14 34 106 11 14 34 106 11 14 34 106 11
34 106 11 14 34 106 11 14 34 106 11 14 34 106 11 14 34 106 11 14
14 31 11 14 31 11 14 31 11 14 31 11 14 31 11 14 31 11 14 31
31 11 14 31 11 14 31 11 14 31 11 14 31 11 14 31 11 14 31 11
34 106 11 14 34 131 23 14 34 106 11 14 34 106 11 14 34 106 11 14
14 34 106 11 14 34 106 11 14 34 106 11 14 34 131 23 14 34 106 11
4 23 14 34 4 23 14 34 106 11 14 34 106 11 14 34 106 11 14 34
14 34 106 11 14 34 106 11 14 34 106 11 14 34 106 11 14 34 106 11
11 14 31 11 14 31 11 14 31 11 14 31 11 14 31 11 14 31 11 14
31 11 14 31 11 14 31 11 14 31 11 14 31 11 14 31 11 14 31 11
14 34 106 11 14 34 106 11 14 34 106 11 14 34 106 11 14 34 4 23
31 11 14 129 112 139 23 31 61 137 34 131 23 14 34 106 11 14 34 106
31 11 14 31 11 14 31 11 14 31 11 14 31 11 14 31 11 14 31 11
34 106 11 14 34 106 11 14 34 106 11 14 34 106 11 14 34 106 11 14
14 31 11 14 31 11 14 31 11 14 31 11 14 31 11 14 31 11 14 31
31 11 14 31 11 14 31 11 14 31 11 14 31 11 14 31 11 14 31 11
106 11 62 14 34 106 11 14 34 106 11 14 34 106 11 14 34 106 11 14
14 31 11 14 31 11 14 129 112 7 134 131 131 11 5 11 23 14 34 131
31 11 14 31 11 14 31 11 14 31 11 14 31 11 14 31 11 14 120 18
34 106 11 14 34 106 11 14 34 106 11 14 34 106 11 14 34 106 11 14
14 31 11 14 31 11 14 31 11 14 31 11 14 31 11 14 31 11 14 31
34 106 11 14 34 106 11 14 34 106 11 14 34 106 11 14 34 106 11 14
31 11 14 31 11 14 31 11 14 31 11 14 31 11 14 31 11 14 31 11
14 34 106 11 14 34 106 11 14 34 106 11 14 34 106 106 11 62 14 34
11 14 31 11 14 31 11 14 31 11 14 31 106 11 62 14 31 11 14 31
34 106 11 14 34 106 11 14 34 106 11 14 34 106 11 14 34 106 11 14
14 31 11 14 31 11 14 31 11 14 34 131 23 14 31 11 14 31 11 14
34 106 11 14 34 106 11 14 34 106 11 14 34 106 11 14 34 131 23 14
11 14 34 4 4 23 62 14 34 106 11 14 34 106 11 14 34 106 11 14
34 106 11 14 34 106 11 14 34 106 106 11 62 14 34 106 11 14 34 106
34 121 11 14 34 121 11 14 34 121 11 14 34 121 11 14 34 121 11 14
34 106 11 14 34 106 11 14 34 106 11 14 34 106 11 14 34 131 23 14
34 106 11 14 34 106 11 14 34 106 11 14 34 106 11 14 34 106 11 14
14 31 11 14 31 11 14 31 11 14 31 11 14 31 11 14 31 11 14 31
34 106 11 14 34 106 11 14 34 106 11 14 34 106 11 14 34 131 23 14
34 106 11 14 34 106 11 14 34 106 11 14 34 106 11 14 34 106 11 14
23 14 34 106 11 14 34 106 11 14 34 106 11 14 34 106 11 14 34 106
14 31 11 14 31 11 14 31 11 14 31 11 14 31 11 14 31 11 14 31
34 106 11 14 34 106 11 14 34 106 11 14 34 106 11 14 34 131 23 14
131 23 14 34 106 11 14 34 106 11 14 34 106 11 14 34 106 11 14 34
14 34 106 11 14 34 106 11 14 34 106 11 14 34 106 11 14 34 106 11
62 14 34 106 11 14 34 131 23 14 34 106 11 14 34 131 23 14 34 106
62 14 34 131 23 14 34 106 11 14 34 106 11 14 34 106 11 14 34 106
131 23 14 34 106 11 14 34 131 23 14 34 106 11 14 34 106 11 14 34
31 11 14 31 11 14 31 11 14 31 11 14 31 11 14 31 11 14 31 11
14 34 106 11 14 34 131 23 14 34 106 11 14 34 106 11 14 34 131 23
14 31 11 14 31 11 14 31 11 14 31 11 14 31 11 14 31 11 14 31
14 34 131 23 14 34 106 11 14 34 106 11 14 34 106 11 14 34 106 11
34 106 11 14 34 106 11 14 34 106 11 14 34 106 11 14 34 106 11 14
31 11 14 31 11 14 31 11 14 31 11 14 31 11 14 31 11 14 31 11
34 106 11 14 34 106 11 14 34 106 11 14 34 106 11 14 34 106 11 14
31 11 14 31 11 14 31 11 14 31 11 14 31 11 14 31 11 14 31 11
62 134 106 11 14 31 11 14 31 11 14 31 11 14 31 11 14 31 11 14
31 11 14 31 11 14 31 11 14 31 11 14 31 11 14 31 11 14 31 11
62 34 120 51 75 34 137 34 106 11 14 34 106 11 14 34 106 11 14 34
34 131 23 14 34 4 23 14 34 106 11 14 34 106 11 14 34 106 11 14
34 106 11 14 34 106 11 14 34 106 11 14 34 106 11 14 34 106 11 14
34 106 11 14 34 106 11 14 34 106 11 14 34 106 11 14 34 106 11 14
31 11 14 31 11 14 31 11 14 31 11 14 31 11 14 31 11 14 31 11
31 11 14 31 11 14 31 11 14 31 11 14 31 11 14 31 11 14 31 11
14 34 106 11 14 34 131 23 14 34 106 11 14 34 106 11 14 34 106 11
14 34 106 11 14 34 106 11 14 34 106 11 14 31 11 14 31 11 14 31
31 11 14 31 11 14 31 11 14 31 11 14 31 11 14 31 11 14 31 11
23 14 34 106 11 14 34 106 11 14 34 106 11 14 34 106 11 14 34 106
14 31 11 14 31 11 14 31 11 14 31 11 14 31 11 14 31 11 14 31
14 34 106 11 14 34 106 11 14 34 106 11 14 34 106 11 14 34 106 11
34 106 11 14 34 106 11 14 34 106 11 14 34 106 11 14 34 106 11 14
44 13 23 29 29 11 62 14 34 106 11 14 120 18 14 31 11 14 31 11
18 14 31 11 14 31 11 14 31 11 14 31 11 14 31 11 14 31 11 14
14 31 11 14 31 11 14 31 11 14 31 11 14 31 11 14 120 18 29 23
62 134 131 23 14 34 106 11 14 34 106 11 14 34 131 23 14 34 106 11
75 34 7 96 120 14 34 106 11 14 34 106 11 14 31 11 14 31 11 14
11 14 31 11 14 31 11 14 31 11 14 31 11 14 31 11 14 31 11 14
31 11 14 31 11 14 31 11 14 31 11 14 31 11 14 31 11 14 31 11
34 106 11 14 34 106 11 14 34 106 11 14 34 131 23 14 34 106 11 14
11 14 31 11 14 31 11 14 31 11 14 31 11 14 31 11 14 31 11 14
31 11 14 31 11 14 31 11 14 31 11 14 31 11 14 31 11 14 31 11
75 75 3 137 14 34 106 11 14 34 106 11 14 34 106 11 14 34 106 11
106 11 14 34 106 11 14 34 106 11 14 34 106 11 14 34 106 11 14 34
62 134 11 11 14 31 11 14 31 11 14 31 11 14 31 11 14 31 11 14
31 11 14 31 11 14 31 11 14 31 11 14 31 11 14 31 11 14 31 11
14 34 131 23 14 34 106 11 14 34 106 11 14 34 106 11 14 34 106 11
14 34 106 11 14 34 106 11 14 34 106 11 14 34 106 11 14 34 106 11
34 106 11 14 34 106 11 14 34 106 11 14 34 106 11 14 34 106 11 14
62 134 23 18 14 31 11 14 31 11 14 31 11 14 31 11 14 31 11 14
34 131 23 14 34 106 11 14 34 106 11 14 34 106 106 11 62 14 34 106
14 34 106 11 14 34 106 11 14 34 106 11 14 34 106 11 14 34 106 11
14 34 106 11 14 34 106 11 14 34 106 11 14 34 106 11 14 34 106 11
14 34 106 11 14 34 106 11 14 34 106 11 14 34 106 11 14 34 106 11
31 11 14 31 11 14 31 11 14 31 11 14 31 11 14 31 11 14 31 11
62 134 106 11 14 31 11 14 31 11 14 31 11 14 31 11 14 31 11 14
75 34 34 137 3 106 23 62 14 34 106 11 14 34 106 11 14 34 106 11
75 42 131 23 14 34 4 23 14 34 106 11 14 34 106 11 14 34 106 11
14 31 11 14 31 11 14 31 11 14 31 11 14 31 11 14 31 11 14 31
34 106 11 14 34 106 11 14 34 106 11 14 34 106 11 14 34 106 11 14
62 134 106 11 14 31 11 14 31 11 14 31 11 14 31 11 14 31 11 14
14 34 106 11 14 34 106 11 14 34 106 11 14 34 106 11 14 34 106 106
34 121 11 14 34 121 23 123 0 42 131 11 14 34 131 23 14 34 106 11
31 11 14 31 11 14 31 11 14 31 11 14 31 11 14 34 131 23 14 31
31 11 14 31 11 14 31 11 14 31 11 14 31 11 14 31 11 14 31 11
14 31 11 14 31 11 14 31 106 11 62 14 31 11 14 31 11 14 31 11
34 106 11 14 34 106 11 14 34 106 11 14 34 106 11 14 34 106 11 14
34 106 11 14 34 106 11 14 34 106 11 14 34 106 11 14 34 131 23 14
14 34 106 11 14 34 131 23 14 34 106 11 14 34 106 11 14 34 106 11
23 14 34 106 11 14 34 131 23 14 34 106 11 14 34 106 11 14 34 106
4 4 23 62 14 34 4 23 14 34 131 23 14 34 106 11 14 34 106 11
4 23 14 34 4 4 23 62 14 34 131 23 14 34 106 11 14 34 106 11
34 106 11 14 34 106 11 14 31 11 14 31 11 14 31 11 14 31 11 14
62 134 106 11 14 31 11 14 31 11 14 31 11 14 31 11 14 31 11 14
14 34 106 11 14 34 106 11 14 34 106 11 14 34 106 11 14 34 106 11
31 11 14 31 11 14 31 11 14 31 11 14 31 11 14 31 11 14 31 11
131 75 23 123 0 42 131 23 14 34 4 23 14 34 131 23 14 34 106 11
14 31 11 14 31 11 14 31 11 14 31 11 14 31 11 14 31 11 14 31
34 106 11 14 34 131 23 14 34 106 11 14 34 106 11 14 34 106 11 14
11 14 34 106 11 14 34 106 11 14 34 106 11 14 34 106 11 14 34 106
14 34 131 23 14 34 106 11 14 34 131 23 14 34 106 11 14 34 106 11
31 11 14 129 18 62 14 31 11 14 34 131 23 14 31 11 14 31 11 14
14 34 131 23 14 34 106 11 14 34 106 11 14 34 106 11 14 34 106 11
31 11 14 31 11 14 34 131 131 23 62 14 31 11 14 31 11 14 31 11
14 31 11 14 31 11 14 31 11 14 31 11 14 31 11 14 31 11 14 31
34 106 11 14 34 106 11 14 34 106 11 14 34 106 11 14 34 106 11 14
34 106 11 14 34 106 11 14 34 106 11 14 34 106 11 14 34 106 11 14
11 14 34 106 11 14 34 106 11 14 34 106 11 14 34 106 11 14 31 11
62 134 106 11 14 31 11 14 31 11 14 31 11 14 31 11 14 31 11 14
14 31 11 14 31 11 14 31 11 14 31 11 14 129 112 139 23 34 61 131
34 106 11 14 34 106 11 14 34 106 11 14 34 131 23 14 34 106 11 14
14 34 106 11 14 34 106 11 14 34 106 11 14 34 106 11 14 34 106 11
14 34 106 11 14 34 106 11 14 34 106 11 14 34 106 11 14 34 106 11
34 106 11 14 34 106 11 14 34 106 11 14 34 106 11 14 34 106 11 14
31 11 14 31 11 14 31 11 14 34 131 23 14 31 11 14 31 11 14 31
14 31 11 14 31 11 14 31 11 14 31 11 14 31 11 14 31 11 14 31
31 11 14 31 11 14 31 11 14 31 11 14 31 11 14 31 11 14 31 11
23 50 121 11 14 34 121 11 14 34 121 11 14 34 121 11 14 34 121 11
31 11 14 31 11 14 31 11 14 31 11 14 31 11 14 31 11 14 31 11
11 14 31 11 14 31 11 14 31 11 14 31 11 14 31 11 14 31 11 14
31 11 14 31 11 14 31 11 14 31 11 14 31 11 14 31 11 14 31 11
34 106 11 14 34 106 11 14 34 106 11 14 34 106 11 14 34 106 11 14
31 11 14 31 11 14 31 11 14 31 11 14 31 11 14 31 11 14 31 11
14 31 11 14 31 11 14 31 11 14 31 11 14 31 11 14 31 11 14 31
34 106 11 14 34 106 11 14 34 131 23 14 34 106 11 14 34 106 11 14
23 62 14 31 11 14 31 11 14 31 11 14 31 11 14 31 11 14 31 11
34 106 11 14 34 4 23 14 34 131 23 14 34 106 11 14 34 106 11 14
31 11 14 31 11 14 129 137 14 31 11 14 31 11 14 31 11 14 31 11
106 11 14 34 106 11 14 34 106 11 14 34 131 123 0 34 120 74 75 34
34 106 11 14 34 131 23 14 34 106 11 14 34 106 11 14 34 106 11 14
31 11 14 31 11 14 31 11 14 31 11 14 31 11 14 31 11 14 31 11
75 34 121 11 14 34 131 23 14 34 106 11 14 34 106 11 14 34 106 11
14 120 131 14 34 106 11 14 34 106 11 14 34 106 11 14 34 106 11 14
23 14 31 11 14 31 11 14 31 11 14 31 11 14 31 11 14 31 11 14
4 4 23 62 14 34 4 23 14 34 131 23 14 34 106 11 14 34 106 11
11 14 31 11 14 31 11 14 31 11 14 31 11 14 31 106 11 62 14 31
75 34 123 59 34 120 74 75 34 62 23 34 34 106 11 14 34 106 11 14
31 11 14 31 11 14 34 131 23 14 34 131 23 14 31 11 14 31 11 14
31 11 14 31 11 14 31 11 14 31 11 14 34 131 23 14 31 11 14 31
120 14 34 106 11 14 34 106 11 14 34 106 11 14 34 106 11 14 34 106
123 59 34 120 74 75 120 14 34 106 11 14 34 106 11 14 34 106 11 14
62 14 34 131 23 14 31 11 14 31 11 14 31 11 14 31 11 14 31 11
14 31 11 14 31 11 14 31 11 14 31 11 14 31 11 14 31 11 14 31
14 31 11 14 31 11 14 31 11 14 31 11 14 31 11 14 31 11 14 31
14 31 11 14 31 11 14 31 11 14 31 11 14 31 11 14 31 11 14 31
3 123 98 34 120 51 75 34 123 59 34 120 74 75 34 123 98 34 120 51
23 14 31 11 14 31 11 14 31 11 14 31 11 14 31 11 14 31 11 14
14 31 11 14 31 11 14 31 11 14 34 131 23 14 34 131 23 14 31 11
14 34 106 11 14 34 106 11 14 34 106 11 14 34 106 11 14 34 106 11
14 34 131 23 14 34 106 11 14 34 106 11 14 34 106 11 14 34 106 11
34 106 11 14 34 106 11 14 34 106 11 14 34 106 11 14 34 106 11 14
34 106 11 14 34 106 11 14 34 106 11 14 34 106 11 14 34 131 23 14
31 11 14 31 11 14 31 11 14 31 11 14 31 11 14 31 11 14 31 11
14 31 11 14 31 11 14 31 11 14 31 11 14 31 11 14 31 11 14 31
14 31 11 14 120 18 14 31 11 14 31 11 14 31 11 14 31 11 14 31
34 106 11 14 34 106 11 14 34 106 11 14 34 106 11 14 34 106 11 14
121 121 11 4 113 50 106 11 14 31 11 14 31 11 14 31 11 14 31 11
11 14 34 106 11 14 34 106 11 14 34 106 11 14 34 106 11 14 34 106
34 106 11 14 34 106 11 14 34 106 11 14 34 106 11 14 34 106 11 14
11 14 31 11 14 31 11 14 31 11 14 31 11 14 31 11 14 31 11 14
34 4 23 14 34 106 11 14 34 106 11 14 34 106 11 14 34 106 11 14
14 34 121 11 14 34 121 11 14 34 121 11 14 34 121 11 14 34 121 11
137 31 11 14 31 11 14 120 18 14 31 11 14 31 11 14 31 11 14 31
62 134 106 11 14 31 11 14 31 11 14 31 11 14 31 11 14 31 11 14
14 34 106 11 14 34 106 11 14 34 106 11 14 34 106 11 14 34 106 11
121 29 23 14 34 106 11 14 34 106 11 14 34 106 11 14 34 106 11 14
14 31 11 14 31 11 14 31 11 14 31 11 14 31 11 14 31 11 14 31
98 34 120 51 75 34 123 59 34 120 74 75 34 123 59 34 120 74 75 34
14 31 11 14 31 11 14 31 11 14 31 11 14 31 11 14 31 11 14 31
34 121 11 14 34 121 11 14 34 121 11 14 34 121 11 14 34 121 11 14
34 4 23 14 34 121 11 14 34 131 23 14 34 106 11 14 34 106 11 14
11 14 31 11 14 31 11 14 31 11 14 31 11 14 31 11 14 31 11 14
14 31 11 14 31 11 14 31 11 14 31 11 14 31 11 14 31 11 14 31
120 131 14 34 106 11 14 34 106 11 14 34 106 11 14 34 106 11 14 34
34 106 11 14 34 106 11 14 34 106 11 14 34 106 11 14 34 106 11 14
14 34 106 11 14 34 106 11 14 34 106 11 14 34 106 11 14 34 121 11
106 11 14 34 106 11 14 34 106 11 14 34 106 11 14 34 106 11 14 34
106 11 14 34 106 11 14 34 131 23 14 34 121 11 14 34 121 11 14 34
14 34 106 11 14 34 131 23 14 34 106 11 14 34 106 11 14 34 106 11
31 11 14 31 11 14 31 11 14 31 11 14 31 11 14 31 11 14 31 11
31 11 14 31 11 14 31 11 14 31 11 14 31 11 14 31 11 14 31 11
62 134 121 11 14 34 121 11 14 34 121 11 14 34 121 11 14 34 121 11
62 134 11 14 31 11 14 31 11 14 31 11 14 31 11 14 31 11 14 31
34 131 23 14 34 106 11 14 34 131 23 14 34 131 23 14 34 106 11 14
34 121 11 14 34 121 11 14 34 121 11 14 34 121 11 14 34 121 11 14
31 11 14 31 11 14 31 11 14 31 11 14 129 112 139 23 31 61 137 34
62 134 106 11 14 34 131 23 14 31 11 14 31 106 11 62 14 120 18 2
34 106 11 14 34 106 11 14 34 131 23 14 31 11 14 31 11 14 31 11
31 11 14 31 11 14 31 11 14 31 11 14 31 11 14 31 11 14 31 11
31 11 14 31 11 14 31 11 14 31 11 14 120 18 14 31 11 14 31 11
62 134 121 11 14 34 121 11 14 34 121 11 14 34 121 11 14 34 121 11
14 34 106 11 14 34 106 11 14 34 131 23 14 34 106 11 14 34 106 11
31 11 14 31 11 14 31 11 14 31 11 14 31 11 14 31 11 14 31 11
31 11 14 34 131 23 14 31 11 14 31 11 14 31 11 14 31 11 14 31
75 34 117 23 62 14 34 106 11 14 34 106 11 14 34 131 23 14 34 106
31 11 14 31 11 14 31 11 14 31 11 14 31 11 14 31 11 14 31 11
62 134 106 11 14 31 11 14 31 11 14 31 11 14 31 11 14 31 11 14
31 11 14 31 11 14 31 11 14 31 11 14 31 11 14 31 11 14 31 11
31 11 14 31 11 14 31 11 14 31 11 14 31 11 14 31 11 14 31 11
34 120 74 75 117 117 23 62 134 137 34 106 106 11 62 14 34 106 11 14
14 34 106 11 14 34 106 11 14 34 106 11 14 34 106 11 14 34 106 11
14 31 11 14 31 11 14 31 11 14 31 11 14 31 11 14 31 11 14 31
62 134 23 106 11 62 75 34 34 51 23 14 34 131 23 14 34 131 23 14
75 34 120 23 62 135 98 34 120 51 75 34 123 59 34 120 74 75 34 123
31 11 14 31 11 14 31 11 14 31 11 14 31 11 14 31 11 14 31 11
14 34 106 11 14 34 106 11 14 34 106 11 14 34 106 11 14 34 106 11
34 106 11 14 34 106 11 14 34 106 11 14 34 106 11 14 34 131 23 14
34 106 11 14 34 106 11 14 34 106 11 14 34 106 11 14 34 106 11 14
31 11 14 31 11 14 31 11 14 31 11 14 31 11 14 31 11 14 31 11
34 121 11 14 34 121 11 14 34 121 11 14 120 18 29 125 11 62 23 34
14 34 106 11 14 34 106 11 14 34 106 11 14 34 106 11 14 34 106 11
34 106 11 14 34 106 11 14 34 131 23 14 34 106 11 14 34 131 23 14
14 34 131 23 14 34 106 11 14 34 106 11 14 34 106 11 14 34 106 11
13 34 19 23 14 34 106 11 14 34 106 11 14 34 106 11 14 34 106 11
14 34 106 11 14 34 131 23 14 34 106 11 14 34 106 11 14 34 106 11
31 11 14 31 11 14 31 11 14 31 11 14 31 11 14 31 11 14 31 11
120 18 14 31 11 14 31 11 14 31 11 14 31 11 14 31 11 14 31 11
34 4 23 14 34 131 23 14 34 106 11 14 34 106 11 14 34 106 11 14
14 34 106 11 14 34 106 11 14 34 131 23 14 34 106 11 14 34 106 11
34 106 11 14 34 131 23 14 34 106 11 14 34 106 11 14 34 106 11 14
14 34 131 23 14 34 106 11 14 34 106 11 14 34 106 11 14 31 11 14
62 134 106 11 14 31 11 14 31 11 14 31 11 14 31 11 14 31 11 14
11 14 31 11 14 31 11 14 31 11 14 31 11 14 31 11 14 31 11 14
34 106 11 14 34 106 11 14 34 106 11 14 34 106 11 14 34 106 11 14
31 11 14 31 11 14 31 11 14 31 11 14 31 11 14 31 11 14 31 11
14 31 11 14 31 11 14 31 11 14 31 11 14 31 11 14 31 11 14 31
14 34 106 11 14 34 106 11 14 34 106 11 14 34 106 11 14 34 106 11
31 11 14 31 11 14 31 11 14 31 11 14 31 11 14 31 11 14 31 11
31 11 14 31 11 14 31 11 14 31 11 14 31 11 14 31 11 14 34 131
62 134 23 106 13 34 97 131 11 23 23 62 14 34 106 11 14 34 106 11
34 106 11 14 34 106 11 14 34 106 11 14 34 106 11 14 34 106 11 14
34 34 113 50 106 11 14 31 11 14 31 11 14 31 11 14 31 11 14 31
11 14 31 11 14 31 11 14 31 11 14 31 11 14 120 18 14 31 11 14
75 34 117 23 62 14 34 106 11 14 34 106 11 14 34 106 11 14 34 106
31 11 14 31 11 14 31 11 14 31 11 14 31 11 14 31 11 14 31 11
14 31 11 14 31 11 14 31 11 14 31 11 14 31 11 14 31 11 14 31
34 131 23 14 34 106 11 14 34 106 11 14 34 106 11 14 34 106 11 14
11 14 31 11 14 31 11 14 31 11 14 31 11 14 31 11 14 31 11 14
14 34 106 11 14 34 106 11 14 34 106 11 14 34 106 11 14 34 106 11
14 31 11 14 31 11 14 31 11 14 31 11 14 31 11 14 31 11 14 31
34 106 11 14 34 106 11 14 34 106 11 14 34 106 11 14 34 106 11 14
34 106 11 14 34 106 11 14 34 106 11 14 34 106 11 14 34 106 11 14
34 106 11 14 34 106 11 14 34 106 11 14 34 106 11 14 34 106 11 14
62 121 117 23 14 34 4 23 14 34 131 23 14 34 106 11 14 34 106 11
31 11 14 31 11 14 31 11 14 31 11 14 31 11 14 31 11 14 31 11
31 11 14 31 11 14 31 11 14 31 11 14 31 11 14 31 106 11 62 14
34 106 11 14 34 106 11 14 34 106 11 14 34 106 11 14 34 106 11 14
62 134 121 11 14 34 121 11 14 34 121 11 14 34 121 11 14 34 121 11
23 14 34 106 11 14 34 131 23 14 34 106 11 14 34 106 11 14 34 106
31 11 14 31 11 14 31 11 14 31 11 14 31 11 14 31 11 14 31 11
23 14 31 11 14 31 11 14 31 11 14 31 11 14 31 11 14 31 11 14
14 34 106 11 14 34 106 11 14 34 106 11 14 34 106 11 14 34 106 11
31 11 14 31 11 14 31 11 14 31 11 14 34 131 23 14 34 131 23 14
34 106 11 14 34 106 11 14 34 106 11 14 34 106 11 14 34 106 11 14
106 11 14 34 106 11 14 34 106 11 14 34 106 11 14 34 106 11 14 34
14 34 106 11 14 34 106 11 14 34 106 11 14 34 106 11 14 34 106 11
31 11 14 31 11 14 120 18 14 31 11 14 31 11 14 31 11 14 31 11
14 31 11 14 31 11 14 31 11 14 31 11 14 31 11 14 31 11 14 31
106 11 14 34 106 11 14 34 131 23 14 3 14 34 106 11 14 34 106 11
62 134 106 11 14 31 11 14 31 11 14 31 11 14 31 11 14 31 11 14
31 11 14 31 11 14 31 11 14 31 11 14 31 11 14 31 11 14 31 11
14 34 106 11 14 34 106 11 14 34 106 11 14 34 106 11 14 34 106 11
11 14 34 106 11 14 34 106 11 14 34 106 11 14 34 106 11 14 34 106
34 106 11 14 34 106 11 14 34 106 11 14 34 106 11 14 34 106 11 14
31 11 14 31 11 14 31 11 14 31 11 14 31 11 14 31 11 14 31 11
31 11 14 31 11 14 31 11 14 31 11 14 31 11 14 31 11 14 31 11
62 134 121 11 14 34 121 11 14 34 121 11 14 34 121 11 14 34 121 11
14 31 11 14 31 11 14 31 11 14 31 11 14 31 11 14 31 11 14 31
14 31 11 14 31 11 14 31 11 14 31 11 14 31 11 14 31 11 14 31
14 34 106 11 14 34 106 11 14 34 106 11 14 34 106 11 14 34 106 11
34 106 11 14 34 106 11 14 34 106 11 14 34 106 11 14 34 106 11 14
14 34 121 11 14 34 121 11 14 34 121 11 14 34 121 11 14 34 121 11
4 23 14 34 4 23 14 34 131 23 14 34 106 11 14 34 106 11 14 34
14 31 11 14 31 11 14 31 11 14 31 11 14 31 11 14 31 11 14 31
11 14 34 106 11 14 34 106 11 14 34 106 11 14 34 106 11 14 34 106
14 31 11 14 31 11 14 31 11 14 31 11 14 31 11 14 31 11 14 31
62 134 106 11 14 31 11 14 31 11 14 31 11 14 31 11 14 31 11 14
11 14 31 11 14 31 11 14 31 11 14 31 11 14 31 11 14 31 11 14
14 31 11 14 31 11 14 31 11 14 31 11 14 31 11 14 31 11 14 31
23 14 34 4 23 14 34 131 23 14 34 106 11 14 34 131 23 14 34 106
31 11 14 31 11 14 31 11 14 31 11 14 31 11 14 31 11 14 31 11
34 106 11 14 34 106 11 14 34 131 23 14 34 106 11 14 34 106 11 14
31 11 14 31 11 14 31 11 14 31 11 14 31 11 14 31 11 14 129 112
34 121 11 14 34 121 11 14 34 121 11 14 34 121 11 14 34 121 11 14
14 34 131 23 14 34 106 11 14 34 106 11 14 34 131 23 14 31 11 14
31 11 14 31 11 14 31 11 14 31 11 14 31 11 14 31 11 14 31 11
62 134 106 11 14 31 11 14 31 11 14 31 11 14 31 11 14 31 11 14
31 11 14 31 11 14 31 11 14 31 11 14 31 11 14 31 11 14 31 11
62 134 23 11 14 31 11 14 31 11 14 31 11 14 31 11 14 31 11 14
18 14 31 11 14 31 11 14 31 11 14 31 11 14 31 11 14 31 11 14
121 29 23 14 31 11 14 31 11 14 31 11 14 31 11 14 31 11 14 31
31 11 14 31 11 14 31 11 14 31 11 14 31 11 14 31 11 14 31 11
34 131 23 7 75 68 106 11 14 31 11 14 31 11 14 31 11 14 31 11
31 11 14 31 11 14 31 11 14 31 11 14 31 11 14 31 11 14 31 11
14 34 131 23 14 34 106 11 14 34 106 11 14 3 112 139 34 34 137 34
14 34 106 11 14 34 106 11 14 34 106 11 14 34 106 11 14 34 106 11
62 134 106 11 14 31 11 14 31 11 14 31 11 14 31 11 14 31 11 14
14 34 106 11 14 34 106 11 14 34 106 11 14 34 106 11 14 34 106 11
14 34 106 11 14 34 106 11 14 34 106 11 14 34 106 11 14 34 106 11
31 11 14 31 11 14 31 11 14 31 11 14 31 11 14 31 11 14 31 11
14 31 11 14 31 11 14 31 11 14 31 11 14 31 11 14 31 11 14 31
131 23 14 34 106 11 14 34 106 11 14 34 131 23 14 34 106 11 14 34
120 106 23 14 34 131 23 14 34 106 11 14 34 131 23 14 3 112 67 75
11 14 34 106 11 14 34 106 11 14 34 106 11 14 34 106 11 14 34 106
34 4 23 14 34 131 23 14 34 106 11 14 34 131 23 14 34 106 11 14
34 106 11 14 34 106 11 14 34 106 11 14 34 106 11 14 34 106 11 14
34 4 4 62 23 62 84 34 106 11 14 34 106 11 14 34 131 23 14 34
34 106 11 14 34 106 11 14 34 106 11 14 34 106 11 14 34 106 11 14
23 74 23 14 34 131 23 14 120 18 14 31 11 14 31 11 14 31 11 14
34 106 11 14 34 106 11 14 34 106 11 14 34 106 11 14 34 106 11 14
14 34 121 11 14 34 121 11 14 34 121 11 14 34 121 11 14 34 121 11
31 11 14 129 112 139 23 31 61 137 34 106 11 14 34 106 11 14 34 106
34 106 11 14 34 106 11 14 34 106 11 14 34 106 11 14 120 106 23 14
34 131 23 14 34 106 11 14 34 106 11 14 34 106 11 14 34 106 11 14
34 106 11 14 34 106 11 14 34 106 11 14 34 106 11 14 34 106 11 14
31 11 14 31 11 14 31 11 14 31 11 14 31 11 14 34 131 23 14 34
34 106 11 14 34 106 11 14 34 106 11 14 34 106 11 14 31 11 14 31
34 106 11 14 34 106 11 14 34 106 11 14 34 106 11 14 34 106 11 14
23 14 34 4 23 14 34 4 23 14 34 106 11 14 34 106 11 14 34 106
62 14 34 106 11 14 34 106 11 14 34 106 11 14 34 106 11 14 34 106
14 31 11 14 31 11 14 31 11 14 31 11 14 31 11 14 31 11 14 31
11 14 34 131 23 14 34 106 11 14 34 106 11 14 34 106 11 14 34 106
31 11 14 31 11 14 31 11 14 31 11 14 31 11 14 31 11 14 34 131
4 23 14 34 4 23 14 34 4 23 14 34 4 23 14 34 131 23 14 34
14 31 11 14 31 11 14 31 11 14 31 11 14 31 11 14 31 11 14 31
34 106 11 14 34 106 11 14 34 106 11 14 34 106 11 14 34 131 23 14
14 31 11 14 31 11 14 31 11 14 31 11 14 31 11 14 120 18 29 23
34 34 113 50 106 11 14 31 11 14 31 11 14 31 11 14 31 11 14 31
23 14 34 106 11 14 34 106 11 14 34 106 11 14 31 11 14 31 11 14
106 11 14 34 106 11 14 34 106 11 14 34 106 11 14 34 106 11 14 34
34 121 11 14 34 121 23 121 23 62 14 34 121 11 14 34 121 11 14 34
106 11 14 34 106 11 14 34 106 11 14 34 106 11 14 34 106 11 14 120
62 23 0 34 120 74 75 117 117 14 34 121 11 14 120 18 29 23 17 23
34 106 11 14 34 106 11 14 34 106 11 14 34 106 11 14 34 131 23 14
14 34 106 11 14 34 106 11 14 34 106 11 14 34 106 11 14 34 106 11
62 134 23 18 14 31 11 14 31 11 14 31 11 14 31 11 14 31 11 14
106 11 14 34 106 11 14 34 106 11 14 34 106 11 14 34 106 11 14 34
14 31 11 14 31 11 14 31 11 14 31 11 14 31 11 14 31 11 14 31
14 34 106 11 14 34 131 23 14 34 106 11 14 34 106 11 14 34 131 23
14 31 11 14 31 11 14 31 11 14 31 11 14 31 11 14 31 11 14 31
14 34 106 11 14 34 106 11 14 34 106 11 14 34 106 11 14 34 106 11
34 106 11 14 34 106 11 14 34 106 11 14 34 106 11 14 34 131 23 14
31 11 14 31 11 14 31 11 14 31 11 14 31 11 14 31 11 14 31 11
34 106 11 14 34 131 23 14 34 106 11 14 34 106 11 14 34 106 11 14
14 34 131 23 14 120 73 44 11 62 14 34 106 11 14 34 106 11 14 34
120 14 34 131 23 14 34 106 11 14 34 106 11 14 34 106 11 14 31 11
31 11 14 31 11 14 31 11 14 31 11 14 31 11 14 34 131 23 14 31
34 106 11 14 34 106 11 14 34 106 11 14 34 106 11 14 34 106 11 14
14 34 106 11 14 34 106 11 14 34 106 11 14 34 106 11 14 34 106 11
11 14 34 106 11 14 34 106 11 14 34 106 11 14 34 106 11 14 34 106
75 34 120 23 62 135 98 34 120 51 75 34 123 59 34 120 74 75 34 123
14 31 11 14 31 11 14 31 11 14 31 11 14 34 131 23 14 31 11 14
34 106 11 14 34 131 23 14 34 106 11 14 34 106 106 11 62 14 34 106
31 11 14 31 11 14 31 106 11 62 14 31 11 14 120 18 14 31 11 14
14 34 106 11 14 34 106 11 14 34 106 11 14 34 106 11 14 34 106 11
34 106 11 14 34 106 11 14 34 106 11 14 34 106 11 14 34 131 23 14
14 34 106 11 14 34 106 11 14 34 106 11 14 34 106 11 14 34 106 11
34 131 23 14 34 106 11 14 34 106 11 14 34 106 11 14 34 106 11 14
11 14 34 131 23 14 34 106 11 14 34 106 11 14 34 106 11 14 34 106
14 34 106 11 14 34 106 11 14 34 106 11 14 34 106 11 14 34 106 11
31 11 14 31 11 14 31 11 14 31 11 14 31 11 14 120 18 14 31 11
31 11 14 31 11 14 31 11 14 31 11 14 31 11 14 31 11 14 31 11
34 106 11 14 34 106 106 11 62 14 34 106 106 11 62 14 34 106 11 14
31 11 14 31 11 14 31 11 14 31 11 14 31 11 14 31 11 14 31 11
34 121 11 14 34 121 11 14 34 121 11 14 34 121 11 14 34 121 11 14
34 106 11 14 34 106 11 14 34 106 11 14 34 106 11 14 34 106 11 14
75 34 123 59 34 120 74 75 34 34 113 7 98 34 120 51 75 34 123 59
11 14 31 11 14 31 11 14 31 11 14 31 11 14 31 11 14 31 11 14
34 131 23 14 34 106 11 14 34 106 106 11 62 14 34 106 11 14 34 131
34 106 11 14 34 106 11 14 34 106 11 14 34 106 11 14 34 106 11 14
11 14 34 106 11 14 34 106 11 14 34 106 11 14 34 106 11 14 34 106
14 34 106 11 14 34 106 11 14 34 131 23 14 34 106 11 14 34 106 11
14 34 106 11 14 34 106 11 14 34 106 11 14 34 106 11 14 34 106 11
34 106 11 14 34 131 23 14 34 106 11 14 34 106 11 14 34 106 11 14
31 11 14 31 11 14 31 11 14 31 11 14 31 11 14 31 11 14 31 11
14 34 106 11 14 34 106 11 14 34 106 11 14 34 106 11 14 34 106 11
34 117 23 62 30 0 34 120 74 23 117 117 23 14 34 106 11 14 34 106
34 106 11 14 34 106 11 14 34 106 11 14 34 106 11 14 34 106 11 14
34 106 11 14 34 106 11 14 34 106 11 14 34 106 11 14 34 106 11 14
62 134 106 11 14 31 11 14 31 11 14 31 106 11 62 14 31 11 14 31
31 11 14 31 11 14 31 11 14 31 11 14 31 11 14 31 11 14 31 11
14 34 106 11 14 34 131 23 14 34 106 11 14 34 106 11 14 34 106 11
34 131 23 14 34 106 11 14 34 106 11 14 34 106 11 14 34 106 11 14
62 134 106 11 14 31 11 14 31 11 14 31 11 14 31 11 14 31 11 14
34 106 11 14 34 106 11 14 34 106 11 14 34 106 11 14 34 106 11 14
11 14 34 106 11 14 34 106 11 14 34 106 11 14 34 106 11 14 34 106
34 121 11 14 34 121 11 14 34 121 11 14 34 121 11 14 34 121 11 14
34 106 11 14 34 106 11 14 34 106 11 14 34 106 11 14 34 106 11 14
14 31 11 14 31 11 14 31 11 14 31 11 14 31 11 14 31 11 14 31
14 31 11 14 31 11 14 31 11 14 31 11 14 31 11 14 31 11 14 31
14 31 11 14 31 11 14 31 11 14 31 11 14 31 11 14 31 11 14 31
14 34 106 11 14 34 131 23 14 34 106 11 14 34 106 11 14 34 106 11
34 106 11 14 34 106 11 14 34 106 11 14 34 106 11 14 34 106 11 14
31 11 14 31 11 14 31 11 14 31 11 14 31 11 14 31 11 14 31 11
34 106 11 14 34 106 11 14 34 106 11 14 34 106 11 14 34 106 11 14
14 34 106 11 14 34 106 11 14 34 106 11 14 34 131 23 14 34 106 11
11 62 14 34 106 11 14 34 106 11 14 34 106 11 14 34 106 11 14 34
14 34 106 11 14 34 106 11 14 34 131 23 14 34 106 11 14 34 131 23
23 14 34 106 11 14 34 106 11 14 34 106 11 14 34 106 11 14 34 131
11 14 31 11 14 31 11 14 31 11 14 31 11 14 31 11 14 31 11 14
11 62 14 34 106 11 14 34 106 11 14 34 106 11 14 34 106 11 14 34
34 106 11 14 34 106 11 14 34 106 11 14 34 106 11 14 34 106 11 14
31 11 14 31 11 14 31 11 14 31 11 14 31 11 14 31 11 14 31 11
14 34 106 11 14 34 106 11 14 34 106 11 14 34 106 11 14 34 106 11
34 106 11 14 34 106 11 14 34 106 11 14 34 106 11 14 34 106 11 14
34 106 11 14 34 106 11 14 34 106 11 14 34 106 11 14 34 106 11 14
34 106 11 14 34 106 11 14 34 106 11 14 34 106 11 14 34 106 11 14
14 31 11 14 31 11 14 31 11 14 31 11 14 31 11 14 31 11 14 31
137 23 14 34 106 11 14 31 11 14 34 131 23 14 31 11 14 31 11 14
14 31 11 14 31 11 14 31 11 14 31 11 14 31 11 14 31 11 14 31
14 34 106 11 14 34 106 11 14 34 106 11 14 34 131 23 14 34 131 23
31 11 14 31 11 14 31 11 14 31 11 14 31 11 14 31 11 14 31 11
14 31 11 14 31 11 14 31 11 14 31 11 14 31 11 14 31 11 14 120
14 31 11 14 31 11 14 31 11 14 31 11 14 31 11 14 31 11 14 31
14 34 4 23 14 34 62 75 6 23 106 23 14 34 131 23 14 34 106 11
23 14 34 4 23 14 34 121 11 14 34 4 23 14 34 106 11 14 34 106
14 34 131 23 14 34 106 11 14 34 106 11 14 34 123 98 34 120 51 75
11 14 34 4 23 14 34 4 23 14 34 131 23 14 34 106 11 14 34 106
23 14 34 4 23 14 34 4 23 14 34 106 11 14 34 131 23 14 34 106
123 0 34 120 74 75 117 123 98 34 120 51 75 34 123 59 34 120 74 75
34 106 11 14 34 106 106 11 62 14 34 106 11 14 34 106 11 14 34 106
11 14 31 11 14 31 11 14 31 11 14 31 11 14 31 11 14 31 11 14
62 14 34 106 11 14 34 106 11 14 34 106 11 14 34 106 11 14 34 131
14 34 121 11 14 34 121 11 14 34 121 11 14 34 121 11 14 34 121 11
14 31 11 14 31 11 14 31 11 14 31 11 14 31 11 14 31 11 14 31
14 34 106 11 14 34 106 11 14 34 106 11 14 34 106 11 14 34 106 11
34 106 11 14 34 131 23 14 34 106 11 14 34 106 11 14 34 106 11 14
31 11 14 31 11 14 31 11 14 31 11 14 31 11 14 31 11 14 31 11
4 4 23 62 14 34 4 23 14 34 106 11 14 34 106 11 14 34 106 11
31 11 14 31 11 14 31 11 14 31 11 14 31 11 14 31 11 14 31 11
23 14 34 106 11 14 34 106 11 14 34 106 11 14 34 106 11 14 34 131
34 131 23 14 34 106 11 14 34 106 11 14 34 106 11 14 34 106 11 14
34 106 11 14 34 106 11 14 34 106 11 14 34 106 11 14 34 106 11 14
31 11 14 31 11 14 31 11 14 31 11 14 31 11 14 31 11 14 31 11
14 31 11 14 31 11 14 31 11 14 31 11 14 31 11 14 31 11 14 31
34 121 11 14 34 121 11 14 34 121 11 14 34 121 11 14 34 121 11 14
14 34 106 11 14 34 106 11 14 34 106 11 14 34 106 11 14 34 106 11
31 11 14 31 11 14 31 11 14 31 11 14 31 11 14 31 11 14 31 11
62 134 23 106 11 14 34 106 11 14 31 11 14 31 11 14 31 11 14 31
14 34 106 11 14 34 106 11 14 34 106 11 14 34 106 11 14 34 106 11
14 34 106 11 14 34 106 11 14 34 106 11 14 34 106 11 14 34 106 11
31 11 14 31 11 14 31 11 14 31 106 11 62 14 31 11 14 31 11 14
14 31 11 14 31 11 14 31 11 14 31 11 14 34 131 23 14 31 11 14
34 106 11 14 34 106 11 14 34 106 11 14 34 106 11 14 34 106 11 14
23 14 34 4 23 14 34 131 23 14 34 106 11 14 34 106 11 14 34 106
14 34 106 11 14 34 106 11 14 34 106 11 14 34 131 23 14 34 106 11
34 106 11 14 34 106 11 14 34 106 11 14 34 106 11 14 34 131 23 14
14 34 131 23 14 34 106 11 14 34 106 11 14 34 106 11 14 34 131 23
131 23 14 34 106 11 14 34 106 11 14 34 106 11 14 34 106 11 14 34
34 106 11 14 34 106 11 14 34 106 11 14 34 106 11 14 34 106 11 14
34 106 11 14 34 106 11 14 34 106 11 14 34 106 11 14 34 106 11 14
14 34 131 23 14 34 106 11 14 34 106 11 14 34 106 11 14 34 106 11
14 34 106 11 14 34 106 11 14 34 106 11 14 34 106 11 14 34 106 11
14 34 106 11 14 34 106 11 14 34 106 11 14 34 131 23 14 34 106 11
31 11 14 34 131 23 14 31 11 14 31 11 14 31 11 14 31 11 14 31
11 14 34 121 11 14 34 121 11 14 34 121 11 14 34 121 11 14 34 121
18 14 31 11 14 31 11 14 31 11 14 31 11 14 31 11 14 31 11 14
31 11 14 31 11 14 31 11 14 31 11 14 31 11 14 129 18 62 14 31
75 75 34 123 59 34 120 74 75 34 123 98 34 120 51 75 34 123 59 34
14 34 131 23 14 34 106 11 14 34 106 11 14 34 106 11 14 34 106 11
34 106 11 14 34 106 11 14 34 106 11 14 34 131 23 14 34 106 11 14
106 11 14 34 106 11 14 34 106 11 14 34 106 11 14 34 106 11 14 34
14 34 131 23 14 34 106 11 14 34 106 11 14 34 106 11 14 34 106 11
14 34 106 11 14 34 106 11 14 34 106 11 14 34 106 11 14 34 106 11
34 106 11 14 34 131 23 14 34 106 11 14 34 106 11 14 34 131 23 14
14 31 11 14 31 11 14 31 11 14 31 11 14 31 11 14 31 11 14 31
14 34 106 11 14 34 106 11 14 34 106 11 14 34 106 11 14 34 106 11
23 14 34 4 23 14 34 131 23 14 34 106 11 14 34 106 11 14 34 106
23 14 34 4 23 14 34 4 23 14 34 106 11 14 34 106 11 14 34 106
34 131 23 14 34 106 11 14 34 106 11 14 120 106 23 14 34 131 23 14
98 34 120 51 75 34 123 59 34 120 74 75 34 123 59 34 120 74 75 34
34 106 11 14 34 106 11 14 34 106 11 14 34 106 11 14 34 106 11 14
23 14 34 4 4 23 62 14 34 106 11 14 34 106 11 14 34 106 11 14
34 106 11 14 34 106 11 14 34 106 11 14 34 106 11 14 34 106 11 14
14 31 11 14 31 11 14 31 11 14 31 11 14 129 31 7 119 23 16 11
34 106 11 14 34 131 23 14 34 106 11 14 34 106 11 14 34 106 11 14
34 106 11 14 34 106 11 14 34 106 11 14 34 106 11 14 34 106 11 14
34 106 11 14 34 106 11 14 34 131 23 14 34 131 23 14 34 106 11 14
34 106 11 14 34 131 23 14 34 106 11 14 34 106 11 14 34 106 11 14
14 31 11 14 31 11 14 31 11 14 31 11 14 31 11 14 31 11 14 31
106 11 14 34 106 11 14 34 106 11 14 34 106 11 14 3 106 23 62 14
14 34 106 11 14 34 131 23 14 34 106 11 14 34 106 11 14 34 106 11
31 11 14 31 11 14 31 11 14 31 11 14 31 11 14 31 11 14 31 11
106 11 14 34 106 11 14 34 131 23 14 34 106 11 14 34 106 11 14 34
34 106 11 14 34 106 11 14 34 106 11 14 34 131 23 14 34 106 11 14
62 134 106 11 14 31 11 14 31 11 14 31 11 14 31 11 14 34 62 106
34 121 11 14 34 121 11 14 34 121 11 14 34 121 11 14 34 121 11 14
11 14 31 11 14 31 11 14 31 11 14 31 11 14 31 106 11 62 14 31
14 31 11 14 31 11 14 31 11 14 31 11 14 31 11 14 31 11 14 34
31 11 14 31 11 14 31 11 14 31 11 14 31 11 14 31 11 14 31 11
31 11 14 31 11 14 31 11 14 31 11 14 31 11 14 31 11 14 31 11
75 34 123 59 34 120 74 75 34 123 98 34 120 51 75 34 123 59 34 120
11 62 14 31 11 14 34 131 23 14 31 11 14 31 11 14 31 11 14 31
11 14 34 106 11 14 34 106 11 14 34 106 11 14 34 106 11 14 34 106
14 31 11 14 31 11 14 31 11 14 31 11 14 31 11 14 31 11 14 31
62 134 106 11 14 31 11 14 31 11 14 31 11 14 31 11 14 31 11 14
34 4 75 34 34 113 7 98 34 120 51 75 34 123 59 34 120 74 75 34
34 106 11 14 34 106 11 14 34 106 11 14 34 106 11 14 34 106 11 14
4 23 14 34 4 23 14 34 131 23 14 34 131 23 14 34 106 11 14 34
34 106 11 14 34 106 11 14 34 106 11 14 34 106 11 14 34 106 11 14
62 134 106 11 14 31 11 14 31 11 14 31 11 14 31 11 14 31 11 14
31 11 14 31 11 14 31 11 14 31 11 14 31 11 14 31 11 14 31 11
62 23 34 51 23 57 34 137 34 106 11 14 34 131 23 14 34 106 11 14
14 34 106 11 14 34 106 11 14 34 106 11 14 34 106 11 14 34 106 11
34 106 11 14 34 106 11 14 34 106 11 14 34 106 11 14 34 106 11 14
14 34 106 11 14 34 106 11 14 34 106 11 14 34 131 23 14 34 106 11
62 134 106 11 14 31 11 14 31 11 14 31 11 14 34 131 131 23 62 14
14 34 106 11 14 34 106 11 14 34 106 11 14 34 106 11 14 34 106 11
14 34 106 11 14 34 106 11 14 34 106 11 14 34 106 11 14 34 106 11
120 131 23 34 58 14 34 106 11 14 34 106 11 14 34 106 11 14 34 131
14 31 11 14 31 11 14 31 11 14 31 11 14 31 11 14 31 11 14 31
31 11 14 31 11 14 31 11 14 31 11 14 31 11 14 31 11 14 31 11
34 106 11 14 34 131 23 14 34 106 11 14 34 106 11 14 34 131 23 14
14 31 11 14 31 11 14 31 11 14 31 11 14 31 11 14 31 11 14 31
14 34 106 11 14 34 106 11 14 34 106 11 14 34 106 11 14 34 106 11
23 14 31 11 14 31 11 14 31 11 14 31 11 14 31 11 14 31 11 14
11 14 31 11 14 31 11 14 31 11 14 31 11 14 31 11 14 31 11 14
23 14 34 4 23 14 34 131 23 14 34 106 11 14 34 106 11 14 34 106
14 34 131 23 14 31 11 14 31 11 14 31 11 14 31 11 14 31 11 14
31 11 14 31 11 14 31 11 14 31 11 14 31 11 14 31 11 14 31 11
34 106 11 14 34 106 11 14 34 106 11 14 34 106 11 14 34 106 11 14
62 134 106 11 14 31 11 14 31 11 14 31 11 14 31 11 14 31 11 14
34 106 11 14 34 106 11 14 31 11 14 31 11 14 31 11 14 31 11 14
14 31 11 14 31 11 14 31 11 14 34 131 23 14 129 18 62 14 31 11
75 34 7 137 68 106 11 14 34 131 23 14 34 106 11 14 34 106 11 14
34 106 11 14 34 106 11 14 34 106 11 14 34 106 11 14 34 106 11 14
120 51 75 34 123 59 34 120 23 14 34 106 11 14 34 106 11 14 34 106
34 106 11 14 34 106 11 14 34 106 11 14 34 106 11 14 34 106 11 14
34 106 11 14 34 106 11 14 34 106 11 14 34 106 11 14 34 106 11 14
34 131 23 14 34 106 11 14 34 106 11 14 34 106 11 14 34 106 11 14
