101 92 85 126 104 16 85 101 92 16 106 56 73 0 106 0 56 92 0 85
104 85 45 104 16 45 104 16 45 104 16 45 104 16 45 104 16 45 104 16
85 16 93 73 92 16 45 101 92 106 56 106 0 0 37 0 85 9 104 16
45 104 16 45 104 16 45 104 16 85 101 104 16 106 73 92 16 106 37 92
104 92 16 85 101 104 16 85 9 104 16 85 9 104 16 45 9 104 16 106
104 16 45 101 16 45 104 16 45 104 16 45 104 16 45 104 16 45 126 92
85 126 104 16 85 9 16 45 101 92 85 101 16 45 104 16 45 56 92 16
16 85 9 87 0 0 106 37 16 85 9 92 106 92 0 37 92 85 37 104
104 16 85 106 87 0 85 37 0 0 37 87 92 0 106 56 87 85 56 0
85 73 0 56 92 16 85 126 101 16 85 37 87 37 92 0 37 87 92 0
106 9 101 92 16 85 9 104 16 106 9 104 16 85 101 92 16 56 9 101
45 56 92 106 56 37 0 106 101 16 106 93 87 87 37 92 85 126 104 16
9 85 101 16 85 101 9 92 16 85 9 92 16 106 9 92 16 106 0 85
16 85 126 101 16 85 56 92 16 106 9 87 16 85 56 92 16 85 9 104
56 16 106 56 92 85 101 101 16 85 9 104 16 45 104 16 45 104 92 106
106 85 9 92 16 106 87 92 16 85 9 104 16 85 101 92 16 85 85 104
45 101 92 16 85 9 104 16 106 37 104 16 106 9 104 16 106 101 104 16
45 104 16 45 104 16 45 104 16 45 104 16 45 104 16 45 104 16 45 104
37 16 93 106 87 92 85 126 73 104 16 85 106 104 16 106 9 104 16 85
56 16 16 85 9 104 16 85 9 104 16 85 9 104 16 45 104 92 16 85
104 85 45 104 16 45 104 16 45 104 16 45 104 16 45 104 16 45 104 16
104 104 16 85 9 104 16 85 9 92 16 85 9 104 16 106 56 0 106 37
16 45 9 87 16 85 9 104 16 85 9 104 16 85 9 104 16 45 9 16
92 16 106 56 16 106 0 85 37 104 92 85 56 87 37 0 45 101 92 16
106 56 16 45 104 16 45 104 16 45 104 16 45 104 16 45 104 16 45 104
16 106 104 16 85 126 104 16 106 37 92 16 85 9 92 16 85 9 104 16
16 16 9 101 16 85 56 92 16 45 9 104 16 85 9 104 16 106 9 104
29 92 16 45 101 92 106 85 9 104 16 45 9 104 16 85 101 104 16 45
85 9 92 16 106 56 85 101 92 16 85 9 92 16 85 9 104 16 85 101
16 16 45 104 16 106 101 92 16 85 101 16 45 56 92 16 85 9 104 16
116 9 104 92 16 85 9 104 16 85 9 104 16 85 9 104 16 45 104 92
16 45 101 92 85 101 92 16 85 106 104 16 45 104 16 45 104 16 45 104
101 104 16 45 104 16 45 104 16 106 104 16 45 104 16 45 104 16 45 104
9 104 16 106 104 16 106 73 16 85 9 92 16 126 9 104 16 85 9 104
101 85 85 56 0 0 87 37 0 85 101 92 16 85 101 92 16 85 9 104
16 45 104 16 45 104 16 45 104 16 45 104 16 45 104 16 45 104 16 45
104 16 45 9 16 45 104 16 45 104 16 45 104 16 45 104 16 45 104 16
92 9 92 106 93 101 92 16 85 9 101 92 85 85 101 92 16 106 9 92
92 92 85 9 104 16 85 126 92 16 126 9 104 16 106 9 104 16 45 101
9 92 85 126 101 16 106 37 93 85 56 87 0 93 126 87 92 16 85 126
9 92 92 85 106 101 16 85 101 92 16 106 73 73 106 85 106 73 37 0
16 9 104 16 45 9 92 106 106 87 106 87 106 92 106 0 87 106 37 85
9 104 16 85 9 104 16 45 9 104 16 85 9 104 16 106 87 87 37 16
16 85 101 104 16 85 9 104 16 106 101 92 16 85 9 104 16 85 9 104
45 104 16 106 104 16 45 104 16 45 104 16 45 104 16 45 104 16 45 104
92 106 85 101 101 16 85 9 104 16 85 9 104 16 85 101 104 16 85 101
104 16 106 85 37 92 0 85 37 92 0 85 37 92 0 85 9 92 16 85
104 16 45 9 104 16 85 9 92 16 106 101 92 16 85 9 104 92 85 101
104 16 106 104 16 45 104 16 45 104 16 45 104 16 45 104 16 45 104 16
85 92 9 92 16 106 37 92 85 37 104 16 45 104 16 45 104 16 45 104
93 56 56 0 37 92 85 87 104 16 45 104 16 45 104 16 45 104 16 45
106 85 101 101 92 16 106 126 37 92 16 85 9 92 16 85 101 87 16 85
101 104 16 45 104 16 45 104 16 45 104 16 45 104 16 45 104 16 45 104
16 45 104 16 45 56 16 45 104 16 45 104 16 45 104 16 45 104 16 45
16 16 93 0 0 106 87 85 85 9 92 85 101 56 0 85 106 56 16 106
9 92 16 85 9 104 16 85 9 104 16 85 9 16 45 104 16 45 104 16
101 92 16 106 9 104 16 85 101 92 16 85 9 104 16 85 9 104 16 85
16 85 9 87 16 45 104 16 45 104 16 45 104 16 45 104 16 45 104 16
104 92 16 85 9 104 16 45 104 16 45 104 16 45 104 16 45 104 16 45
16 85 104 16 45 104 16 45 104 16 45 104 16 45 104 16 45 104 16 45
45 104 16 85 101 104 16 85 104 16 45 104 16 45 104 16 45 104 16 45
45 73 56 85 106 101 92 85 106 87 0 85 37 104 16 45 104 16 45 104
85 101 104 16 85 9 104 16 85 9 104 16 85 9 92 16 85 126 101 16
9 104 16 45 9 92 45 56 92 16 85 9 104 16 106 126 101 16 106 101
85 106 92 0 85 106 87 16 106 87 92 16 106 87 0 85 85 87 101 92
16 85 104 16 45 9 92 16 85 9 104 16 85 126 9 92 16 106 9 104
92 92 16 106 126 104 16 85 9 92 16 85 87 56 0 0 106 87 92 0
16 85 45 104 16 45 104 16 45 104 16 45 104 16 45 104 16 45 104 16
9 104 16 106 56 0 106 56 0 85 101 87 0 85 101 92 85 85 101 92
104 92 85 101 92 16 85 9 104 16 85 9 92 16 85 9 73 16 45 104
9 92 16 106 9 104 16 106 56 92 16 85 9 104 16 45 104 16 45 56
85 9 104 16 85 9 104 16 85 9 104 16 45 9 104 16 85 9 104 16
45 104 16 45 104 16 45 104 16 45 104 16 45 104 16 45 104 16 45 104
67 92 16 85 9 104 16 45 9 104 16 85 9 92 16 85 126 104 16 106
16 16 126 101 92 16 85 9 104 16 45 9 92 45 104 16 45 104 16 45
92 16 92 16 85 9 104 16 85 101 104 16 85 9 104 16 85 9 92 16
92 16 45 9 92 16 126 9 104 16 85 9 16 106 56 16 45 9 92 106
92 92 92 93 106 101 0 45 9 104 16 126 101 92 16 106 101 0 85 101
93 101 92 16 93 9 92 16 85 101 92 16 85 9 104 16 85 9 104 16
104 16 106 9 92 16 106 87 92 16 45 104 16 45 104 16 45 9 92 45
104 16 45 9 104 16 85 9 104 16 45 9 92 16 85 9 104 16 85 9
101 104 16 16 85 9 104 16 85 101 92 16 85 9 92 16 106 126 9 92
9 56 104 16 85 9 104 16 85 9 104 16 106 56 92 16 85 9 104 16
103 106 85 37 92 106 106 0 0 37 16 85 92 0 85 106 56 16 106 92
16 16 45 104 16 45 104 16 45 104 16 45 104 16 45 104 16 45 104 16
87 92 16 106 56 104 16 85 9 92 106 56 0 85 101 92 16 85 73 92
16 45 56 16 106 87 16 106 37 87 92 85 106 37 16 85 101 87 0 85
101 16 45 56 92 93 56 85 37 92 16 106 9 87 0 56 56 87 0 106
45 104 85 106 87 0 85 9 87 106 85 0 37 92 85 106 101 92 16 85
87 16 93 87 106 92 106 85 87 104 16 106 87 0 106 92 106 106 87 85
9 104 16 45 9 16 45 104 16 45 104 16 45 104 16 45 104 16 45 104
106 92 16 106 92 16 85 101 92 85 126 87 0 106 56 37 56 106 87 37
92 85 104 16 106 56 92 16 106 101 92 85 106 87 0 106 0 106 37 0
93 104 16 45 104 92 16 126 9 104 16 45 104 16 45 104 16 45 104 16
85 106 85 106 93 0 85 37 37 0 85 101 104 16 85 9 104 16 85 9
16 45 104 16 45 104 16 45 104 16 106 104 16 45 56 92 16 85 101 16
101 9 126 92 16 85 9 104 16 45 101 16 45 56 92 16 106 56 87 16
104 16 45 104 16 45 104 16 45 104 16 45 104 16 45 104 16 45 104 16
16 45 104 16 45 104 16 45 104 16 45 104 16 45 104 16 45 104 16 45
106 92 16 93 126 87 0 85 9 37 16 0 106 87 92 16 106 101 16 106
73 101 92 106 85 101 92 16 85 9 104 16 85 9 104 16 85 9 87 92
85 9 87 0 85 101 104 16 85 101 92 16 106 126 101 92 85 126 9 92
104 16 45 104 16 45 56 16 106 104 16 45 56 104 16 85 9 104 16 45
85 9 104 16 106 104 16 45 104 16 106 56 16 106 104 92 16 106 87 92
16 101 85 45 104 16 45 9 16 45 56 92 16 106 73 92 85 106 101 92
85 101 104 16 85 9 104 16 45 9 104 16 126 9 104 16 85 9 104 16
85 101 104 16 45 9 92 16 85 126 104 16 93 101 0 106 106 101 0 106
101 16 85 9 104 16 45 104 16 45 104 16 45 104 16 45 104 16 45 104
104 85 126 16 106 85 9 104 16 45 101 16 45 104 16 45 104 16 45 104
104 16 106 56 16 106 85 73 104 16 106 56 87 73 37 92 85 106 101 92
92 16 45 104 16 106 56 104 16 85 101 101 16 85 106 87 92 16 85 101
106 16 106 9 92 0 0 101 0 0 37 87 93 0 0 37 0 85 37 92
16 45 56 16 106 101 93 16 106 9 92 16 106 37 92 16 106 87 16 93
9 92 16 106 9 16 85 9 73 16 85 73 104 16 45 104 16 45 104 16
92 92 0 85 56 101 16 85 104 16 45 104 16 45 104 16 45 104 16 45
16 45 104 16 45 104 16 45 104 16 45 104 16 45 104 16 45 104 16 0
104 16 45 104 16 45 104 16 45 104 16 45 104 16 45 104 16 45 104 16
85 92 16 85 101 104 16 85 9 92 45 56 92 16 85 9 104 92 85 126
85 9 101 16 106 106 0 106 101 37 16 85 73 92 16 85 73 104 16 85
73 16 85 101 104 16 45 9 104 16 106 56 37 16 45 9 104 16 85 92
104 16 45 104 16 106 56 16 106 101 92 85 37 104 16 85 126 101 16 85
92 16 106 56 0 85 101 92 106 85 37 0 106 56 92 16 85 101 56 16
85 45 104 16 106 101 92 85 126 101 0 85 101 104 16 85 9 104 16 85
104 16 45 104 16 45 104 16 45 101 16 45 104 16 45 104 16 45 104 16
16 45 104 16 45 104 16 45 104 16 106 56 0 106 9 92 16 93 9 104
45 104 16 45 104 16 45 104 16 45 104 16 45 104 16 45 104 16 45 104
106 85 101 16 106 104 92 16 85 9 104 16 45 9 104 16 56 9 104 16
106 92 92 16 85 9 104 16 85 9 104 16 45 104 16 45 56 16 45 104
9 104 16 106 104 16 45 104 16 45 104 16 85 101 87 0 87 0 37 0
53 16 106 101 16 45 56 92 16 85 9 104 16 85 9 104 0 106 9 92
16 106 85 101 87 0 106 85 101 0 85 56 87 0 85 37 16 85 37 73
92 16 104 16 106 9 104 16 85 9 104 16 45 104 16 45 104 16 45 104
9 101 93 16 85 101 104 16 85 9 104 16 85 126 104 16 45 9 87 16
9 104 16 106 56 16 85 9 104 16 85 9 104 16 85 9 104 16 85 9
9 92 0 106 101 0 85 87 92 16 85 101 92 16 106 37 104 16 85 9
9 104 16 85 9 92 16 85 9 104 16 85 9 92 16 106 56 73 92 16
92 45 104 16 45 104 16 45 101 16 45 104 16 45 104 16 45 104 16 45
16 9 87 92 106 85 37 0 85 106 87 0 85 56 92 16 106 126 101 92
106 56 85 9 104 16 45 9 16 45 104 16 106 104 16 45 104 16 45 104
45 9 92 16 85 101 87 106 106 0 106 92 85 106 56 92 85 106 92 85
92 85 9 104 16 106 101 92 16 106 87 101 92 16 106 87 0 85 101 104
92 16 45 9 92 16 106 101 104 16 45 9 92 106 56 87 73 37 0 106
104 104 16 126 9 104 16 106 9 104 16 85 9 16 45 104 16 45 104 16
9 104 16 45 104 92 45 56 16 45 104 16 45 104 16 45 104 16 45 104
85 85 106 92 0 106 37 0 0 106 85 106 92 16 45 9 87 16 16 106
92 85 106 92 16 85 9 104 16 45 104 16 45 104 16 45 104 16 45 104
9 101 92 16 106 101 0 106 56 37 87 0 37 37 0 106 92 0 0 101
16 85 9 104 16 85 9 104 16 85 9 92 106 93 16 85 101 92 16 85
10 16 106 37 16 106 56 92 92 85 126 87 56 0 0 0 87 85 106 87
106 92 85 85 9 92 16 85 9 104 16 85 9 104 16 85 9 104 16 45
9 101 92 16 85 9 87 16 85 101 92 106 85 37 0 16 85 101 92 16
45 92 92 16 85 9 104 16 85 9 104 16 45 9 104 16 106 9 92 16
16 85 9 92 16 85 126 101 92 106 106 85 101 87 92 16 106 101 87 0
45 92 85 9 104 92 85 106 104 16 85 126 56 92 16 0 9 104 16 106
92 92 16 85 37 0 0 85 87 0 16 106 56 0 85 106 101 0 85 106
85 85 104 16 45 104 16 45 104 0 45 104 16 106 104 16 45 104 16 45
9 92 16 85 9 92 16 106 126 37 92 0 126 104 16 106 104 16 45 104
45 101 16 45 101 16 45 9 104 16 106 9 92 106 126 73 0 106 37 37
45 104 16 45 9 104 16 106 73 104 16 106 9 92 16 85 9 104 16 106
92 16 85 101 92 16 85 9 104 16 45 104 16 45 104 16 45 104 16 45
125 106 16 126 101 104 16 106 9 37 16 85 101 92 45 104 16 45 104 16
16 106 92 0 106 37 92 85 9 104 16 85 9 92 106 93 106 73 37 0
9 104 0 85 126 101 16 16 85 106 101 16 106 104 16 45 104 16 45 56
9 92 106 56 85 106 87 92 16 85 9 92 45 104 16 45 104 16 45 104
85 9 104 16 85 9 92 16 45 9 104 16 93 126 104 16 85 37 92 16
93 37 92 45 9 56 16 106 126 101 0 106 106 0 85 37 92 16 106 37
45 37 16 45 101 92 106 56 106 92 85 126 101 0 85 9 92 16 85 9
93 101 92 16 45 9 92 106 85 56 56 0 0 106 37 0 0 56 37 87
85 85 9 104 16 85 104 16 45 104 16 45 104 16 45 104 16 45 104 16
92 106 93 56 92 85 106 92 0 37 85 85 37 37 16 93 37 0 85 101
106 16 85 9 92 16 85 9 104 16 45 9 92 106 56 87 0 106 87 37
85 126 101 16 85 101 92 16 85 9 104 16 106 126 104 16 45 104 16 45
104 16 45 104 16 45 104 16 45 104 16 45 104 16 45 104 92 85 106 92
16 45 9 0 104 16 45 9 16 16 85 101 92 0 106 9 92 16 85 9
9 104 16 16 93 73 92 85 37 87 16 85 85 101 92 92 106 87 0 37
92 16 85 9 104 16 106 126 104 16 85 9 92 16 85 9 104 16 85 9
104 16 85 9 104 16 85 9 104 16 106 104 16 45 104 16 45 104 16 45
106 104 16 106 37 92 106 85 126 9 104 16 85 9 104 16 85 9 104 16
106 16 45 104 16 85 101 92 16 85 9 104 16 106 101 92 16 93 9 92
104 16 45 104 16 45 104 16 45 104 16 45 92 16 45 92 16 45 104 16
9 104 16 85 101 104 16 45 101 16 45 101 92 106 56 85 37 56 0 85
93 101 92 16 85 9 104 16 85 126 101 92 85 106 87 92 87 85 73 87
104 16 45 104 16 106 56 92 0 106 37 0 106 56 85 87 87 85 9 87
45 104 16 45 104 16 45 104 16 45 104 16 45 104 16 45 104 16 45 104
104 16 85 104 16 106 73 92 16 45 104 16 45 101 92 106 85 101 92 16
85 104 92 16 106 87 92 0 85 106 37 0 85 73 73 16 85 56 101 0
85 92 92 106 92 85 0 87 92 85 37 87 0 106 56 87 0 0 106 37
45 92 104 16 106 126 73 92 16 85 101 92 16 85 9 104 16 45 104 16
45 106 16 93 9 104 16 45 9 104 16 85 9 104 16 45 9 92 16 85
85 9 104 16 45 9 104 16 85 9 104 16 106 104 16 45 104 16 45 104
9 101 92 85 73 92 16 85 101 104 16 85 9 104 16 45 9 92 16 45
45 92 16 85 9 104 16 45 104 16 45 104 16 45 104 16 45 104 16 45
9 104 16 85 9 104 16 85 9 92 16 85 9 104 16 85 101 104 16 106
9 16 106 56 16 85 101 92 16 85 85 9 92 16 85 9 92 16 85 9
16 106 56 37 92 85 101 104 16 45 104 16 45 104 16 45 104 16 45 104
106 9 56 101 16 85 9 92 16 106 93 0 85 56 87 37 16 85 37 104
104 16 106 56 85 37 92 85 106 9 0 85 9 104 16 85 126 87 0 85
104 16 106 104 16 85 56 104 16 45 9 92 16 56 92 0 92 56 37 87
85 93 92 92 85 101 104 16 45 104 16 45 104 16 45 104 16 45 104 16
85 9 104 16 85 9 104 16 85 9 104 16 85 9 104 16 85 9 104 0
9 104 16 85 101 92 16 106 9 92 16 106 9 104 16 85 101 104 16 45
85 106 16 45 104 16 45 104 16 45 104 16 45 104 16 45 104 16 45 104
9 92 16 106 101 101 16 106 85 101 92 16 106 101 0 85 101 101 16 106
92 92 106 106 87 85 106 87 106 85 106 56 85 85 37 92 16 85 37 92
9 104 16 45 104 16 45 104 16 45 104 16 45 104 16 45 104 16 45 104
85 56 92 16 85 126 87 37 16 106 87 87 16 106 101 0 106 106 92 85
85 126 104 16 45 104 16 45 104 16 45 104 16 45 104 16 85 126 56 16
45 56 106 92 85 106 101 92 16 85 9 92 0 85 106 101 92 85 85 73
85 9 104 16 85 101 16 85 101 104 16 85 101 92 16 85 101 92 16 106
92 16 85 9 104 16 45 104 16 45 56 16 45 104 16 45 104 16 45 104
29 85 126 56 92 106 37 0 106 87 87 0 85 106 87 85 37 0 106 37
9 92 92 16 85 9 104 16 45 9 104 16 85 85 9 92 16 45 101 92
45 126 101 16 16 106 101 92 16 85 37 92 16 106 101 92 106 93 85 87
104 16 45 101 16 45 104 16 45 104 16 45 104 16 45 104 16 45 104 16
104 16 45 101 16 45 104 16 45 104 16 45 104 16 45 104 16 45 104 16
92 104 16 85 9 104 16 45 104 16 106 56 16 45 104 16 45 106 0 106
85 9 104 16 45 9 16 45 56 92 85 101 92 106 87 106 16 0 37 87
92 85 9 104 16 45 104 16 106 56 0 56 85 101 87 16 45 9 92 16
45 92 16 126 9 104 16 85 9 104 16 106 9 101 16 85 37 104 16 45
104 16 45 104 16 45 104 16 45 104 16 45 104 16 45 104 16 45 104 16
45 104 16 106 85 106 104 16 85 9 104 16 93 56 92 16 85 126 104 16
45 101 16 106 56 92 16 85 9 104 16 106 104 16 45 104 16 45 104 16
85 37 92 16 85 9 92 16 106 9 104 16 45 9 104 16 45 9 104 16
85 45 104 16 45 104 16 45 104 16 45 104 16 45 104 16 45 104 16 45
104 16 16 126 92 0 37 87 37 0 85 37 87 101 56 0 106 87 85 106
138 45 104 92 16 106 87 37 85 85 104 16 45 104 92 106 56 37 0 37
85 101 104 16 85 9 104 16 85 9 104 16 106 101 92 85 37 92 93 85
92 85 9 104 16 85 56 104 16 85 9 104 16 45 104 16 45 104 16 45
16 45 9 92 16 45 9 92 16 106 126 104 16 85 101 16 45 104 16 45
92 16 45 104 16 45 104 16 45 104 16 45 104 16 45 104 16 45 104 16
85 9 16 45 104 16 45 104 16 45 104 16 45 104 16 45 9 92 16 106
104 92 16 85 9 104 16 106 9 92 16 85 101 92 106 85 101 92 16 106
85 45 9 92 16 85 9 104 16 45 9 92 106 93 56 73 92 16 85 9
106 126 92 16 85 126 104 92 85 101 92 16 85 101 92 16 85 101 104 16
16 106 104 92 85 106 104 16 85 101 0 106 56 106 0 85 106 0 85 101
105 92 92 16 85 9 104 16 45 9 92 106 56 16 106 104 16 45 101 16
85 45 92 0 106 85 126 104 16 85 101 87 16 106 87 85 37 16 85 9
106 92 85 9 104 16 85 9 104 16 85 9 104 16 85 9 104 16 45 104
45 45 104 16 106 56 87 0 85 101 92 37 37 37 0 37 56 0 106 87
92 106 0 0 37 87 106 0 106 87 92 0 93 37 0 106 37 92 0 85
106 9 104 16 45 104 16 45 104 16 45 104 16 45 104 16 45 104 16 45
104 16 85 9 104 16 85 9 87 16 106 126 92 92 16 106 101 92 16 45
37 85 9 92 56 85 101 92 16 85 101 92 16 85 37 0 16 106 9 101
45 104 16 126 101 87 16 85 45 104 16 85 101 104 16 85 9 104 16 106
16 45 104 16 45 104 16 45 104 16 45 104 16 45 104 16 106 104 16 45
106 104 16 45 9 92 106 92 87 106 0 106 87 0 85 37 92 106 85 101
16 85 9 92 92 16 106 101 92 16 85 9 104 16 85 9 104 16 85 9
15 106 92 56 101 87 16 85 126 9 104 16 93 9 104 16 0 56 87 0
16 45 9 104 16 85 9 104 16 45 104 16 45 104 16 45 104 16 45 104
87 92 16 93 106 0 106 106 0 85 73 87 16 106 87 85 37 87 106 0
9 104 16 45 104 16 45 104 16 45 56 16 106 56 16 85 37 92 106 106
37 106 85 106 87 92 85 106 87 92 85 106 101 16 85 101 92 16 85 9
104 104 16 45 9 92 106 85 106 101 92 16 85 101 104 16 85 9 104 16
85 101 104 16 85 9 87 92 85 56 104 16 45 101 104 16 106 9 104 16
101 104 16 85 104 16 106 92 16 106 104 16 85 126 104 16 45 104 16 45
106 56 92 16 106 56 37 92 85 126 104 16 85 126 104 16 85 126 104 16
85 9 104 16 85 9 104 16 85 9 92 16 106 56 56 92 0 106 37 0
104 16 45 56 0 85 101 0 45 104 16 45 104 16 45 104 16 85 9 0
16 106 104 16 106 104 16 45 104 16 45 104 16 45 104 16 45 104 16 45
16 45 101 92 85 106 9 104 16 45 9 92 16 126 9 92 16 85 9 104
126 85 45 104 16 45 104 92 16 93 101 92 85 45 101 92 85 126 104 0
16 45 9 104 16 85 9 92 16 126 9 92 16 85 126 104 16 45 104 16
16 45 101 16 85 101 92 106 37 87 92 16 85 101 104 16 106 101 92 16
16 45 92 0 106 87 92 0 106 126 0 0 85 106 104 16 85 37 92 16
45 104 16 85 101 92 16 85 9 92 16 126 101 92 0 106 0 37 92 93
104 16 45 9 104 16 106 9 104 16 85 101 104 16 45 126 104 16 45 101
93 126 9 104 16 85 9 104 16 93 9 104 16 45 9 92 16 106 9 104
93 126 101 16 45 101 104 16 85 9 92 106 56 126 87 0 85 37 92 0
92 85 101 73 92 106 85 101 92 0 85 9 104 16 45 56 92 106 85 126
104 16 45 104 16 45 104 16 45 104 16 45 104 16 45 104 16 45 104 16
104 16 16 126 9 104 16 45 9 92 16 106 92 16 93 106 101 16 45 9
45 9 104 16 106 9 104 16 45 104 16 106 56 87 0 87 106 37 37 0
104 16 45 104 16 45 104 16 45 104 16 45 104 16 45 104 16 45 104 16
45 104 16 45 104 16 106 104 16 45 104 16 45 104 16 45 104 16 45 104
104 16 45 104 16 45 104 16 45 104 16 45 104 16 45 104 16 45 104 16
9 92 16 45 104 16 45 104 16 45 104 16 45 9 87 45 56 16 45 104
92 92 85 106 92 0 106 56 87 37 0 85 106 0 0 85 106 92 0 85
16 16 85 37 16 0 106 92 0 106 37 92 85 85 101 16 106 106 16 106
45 101 92 106 85 101 87 0 106 93 101 101 0 85 106 56 0 106 87 37
35 104 16 106 87 0 85 37 92 0 85 104 0 85 101 92 45 101 16 45
9 104 16 45 104 16 45 104 16 45 104 16 45 104 16 45 104 16 45 104
104 45 9 16 45 104 16 106 37 92 85 85 101 92 106 85 73 92 16 106
85 101 0 0 85 87 37 16 106 87 92 16 85 101 92 16 85 9 104 16
85 126 92 93 85 101 87 16 85 106 87 16 85 126 37 0 106 56 92 16
9 9 16 85 104 92 106 56 37 87 0 0 85 87 104 16 106 104 16 45
106 16 85 9 104 16 45 101 104 16 85 9 92 16 85 101 104 16 85 9
92 16 85 9 92 16 85 9 104 16 106 101 73 16 85 9 104 16 45 104
9 92 16 85 126 101 92 16 106 9 104 16 85 126 104 16 45 104 16 45
16 16 9 104 16 85 9 104 16 45 104 16 106 104 16 45 104 16 45 104
16 45 104 92 16 106 101 104 16 85 9 104 92 85 9 104 16 85 73 104
104 16 106 101 92 16 106 126 37 0 85 101 92 16 106 87 92 0 85 106
16 45 104 16 45 104 16 45 104 16 45 104 16 45 104 16 45 104 16 45
104 16 106 126 56 16 85 9 104 16 85 126 104 16 85 101 92 16 85 104
9 92 106 56 85 106 87 92 93 106 0 85 73 56 0 106 85 126 87 0
104 16 45 104 16 85 9 104 16 45 104 16 45 104 16 45 104 16 45 104
85 45 104 16 45 104 16 45 104 16 45 104 16 45 104 16 45 104 16 45
85 101 104 16 45 104 16 106 56 16 45 104 16 45 104 16 45 104 16 45
87 16 9 104 16 85 9 104 16 85 9 104 16 85 9 104 16 85 9 104
104 16 45 104 104 16 85 9 92 16 106 9 104 16 85 9 104 16 85 9
16 45 9 92 106 56 126 101 92 16 85 9 104 16 106 9 0 106 93 85
104 16 106 9 92 106 37 87 37 37 0 106 37 87 0 85 37 92 0 37
9 104 16 106 9 92 16 106 104 16 45 104 16 45 104 16 45 104 16 106
104 16 106 104 16 45 104 16 45 104 16 45 104 16 45 104 16 45 104 16
45 104 16 45 104 16 45 104 16 45 104 16 45 104 16 45 104 16 45 104
45 104 16 45 104 16 45 104 16 45 104 16 45 104 16 45 104 16 45 104
85 16 106 9 92 16 106 9 92 16 106 9 92 16 85 9 104 16 45 104
101 92 16 85 126 92 16 85 104 16 45 104 16 45 104 16 45 104 16 45
92 16 92 101 16 45 104 16 45 9 16 45 104 16 45 104 16 45 104 16
92 16 45 104 16 45 104 16 45 104 16 45 104 16 45 104 16 45 104 16
92 16 45 101 16 45 101 16 45 9 92 16 56 56 101 37 16 85 37 92
85 37 16 106 104 16 45 101 92 16 126 9 37 16 85 9 92 16 106 37
104 16 106 126 92 85 37 0 85 37 87 16 85 37 92 16 85 101 16 45
92 16 45 101 92 106 106 0 106 0 0 106 56 0 0 106 87 37 0 106
45 104 16 45 104 16 45 104 16 45 104 16 45 104 16 45 104 16 45 104
106 92 16 45 9 92 16 106 56 92 0 85 126 101 16 85 9 104 16 45
27 92 92 85 101 87 16 85 73 87 92 85 106 87 92 85 56 92 92 85
87 106 56 85 37 101 16 85 9 16 106 104 16 106 104 16 45 104 16 45
16 37 104 16 85 9 104 16 85 9 104 16 85 9 104 16 106 126 104 16
92 85 106 92 16 85 9 104 16 85 9 104 16 45 104 92 45 56 104 106
85 9 16 106 93 0 106 87 37 0 85 37 92 0 37 0 0 85 9 104
104 104 16 106 0 87 92 0 85 9 104 16 45 104 16 45 104 16 45 104
104 16 45 104 16 45 104 16 45 104 16 45 104 16 45 104 16 45 104 16
9 92 16 85 9 104 16 85 9 92 16 85 9 104 16 45 9 104 16 45
92 16 106 9 92 0 85 37 92 16 85 101 92 16 85 101 104 16 45 9
92 85 9 92 0 106 9 104 16 85 9 104 106 85 9 87 0 85 106 101
9 92 106 101 16 85 101 104 16 85 9 104 16 106 9 92 0 85 126 104
85 45 104 16 85 9 104 16 106 104 16 45 104 16 45 104 16 45 104 16
45 104 16 45 104 16 45 104 16 45 104 16 45 104 16 45 104 16 45 104
85 92 92 16 106 87 37 92 85 106 92 92 85 56 101 0 16 85 9 104
45 92 16 106 9 92 16 45 9 104 16 93 56 104 16 106 56 92 106 85
56 16 85 9 16 106 104 16 45 104 16 45 104 16 45 104 16 45 104 16
56 16 45 101 92 16 85 9 104 16 85 9 104 16 85 9 104 16 106 126
45 101 16 45 56 92 16 106 73 0 106 37 0 106 104 16 85 101 73 16
85 9 104 16 45 104 16 45 104 16 45 104 16 45 104 16 45 104 16 45
85 73 92 93 106 101 92 85 106 104 16 45 104 16 45 104 16 45 104 16
104 92 106 87 37 0 106 87 87 0 106 37 37 0 85 101 92 0 85 101
45 16 85 126 87 0 85 106 101 0 106 37 87 37 16 106 104 16 85 101
101 92 85 126 87 92 16 85 9 104 16 85 9 104 16 85 9 104 16 106
85 9 104 16 45 104 92 45 101 92 106 0 87 92 0 92 85 37 0 0
85 85 126 87 0 85 106 87 92 85 106 87 106 87 85 37 87 106 87 0
16 85 56 92 16 85 9 104 16 85 9 104 16 85 101 104 16 85 9 104
16 106 126 104 16 85 101 104 16 85 9 104 16 85 9 104 16 106 126 92
101 16 45 104 16 45 104 16 45 104 16 45 104 16 45 104 16 45 104 16
45 104 16 45 104 16 45 104 16 45 104 92 106 104 16 45 104 16 45 104
104 16 45 104 16 45 104 16 45 104 16 45 104 16 45 104 16 45 104 16
16 45 104 16 45 104 16 45 104 16 45 104 16 45 104 16 45 9 92 106
16 93 56 92 93 85 126 101 92 85 106 87 0 106 37 0 85 87 37 0
16 85 9 92 106 56 87 106 37 92 85 37 37 16 106 56 92 16 85 106
16 45 9 92 45 101 16 45 104 16 45 104 16 45 104 16 45 104 16 45
85 85 101 92 16 106 73 56 16 106 87 56 85 37 92 16 85 9 104 16
16 45 56 87 85 87 0 85 126 104 16 85 73 16 106 56 85 106 87 0
93 106 85 9 92 16 85 126 104 0 85 37 73 92 85 85 9 92 16 85
104 16 106 56 92 85 106 87 85 106 87 87 85 101 104 16 45 104 16 45
16 45 104 16 106 56 92 85 126 101 92 16 85 9 104 16 85 9 104 16
45 9 92 16 85 101 92 16 106 87 92 16 106 101 92 16 106 9 92 16
106 37 16 45 104 92 85 126 101 92 16 85 9 92 16 85 101 92 16 106
16 106 93 56 106 0 85 37 92 16 85 37 87 0 37 0 37 37 0 85
0 92 0 93 37 92 0 37 0 37 0 0 37 0 106 87 92 85 106 87
87 16 106 56 106 85 37 92 16 106 56 16 85 126 101 92 85 106 101 16
85 101 104 16 85 101 92 45 73 16 85 37 104 16 106 101 92 0 106 87
9 0 106 87 106 87 85 101 92 85 106 0 85 126 101 0 93 106 56 85
84 106 101 92 16 0 37 101 87 16 106 56 37 85 106 56 92 106 0 92
16 106 92 93 106 87 16 0 37 56 92 16 106 101 92 92 101 101 87 0
45 9 92 106 85 85 9 104 16 85 9 104 16 45 104 16 45 104 92 45
16 85 9 104 16 106 9 104 16 45 9 16 45 104 16 45 104 16 45 104
85 106 16 106 9 92 16 93 101 92 16 106 87 0 37 92 106 92 106 126
92 85 56 92 16 85 37 92 106 56 0 85 106 87 0 85 106 87 0 93
45 101 104 92 106 9 87 106 85 101 0 106 106 56 0 126 37 92 16 106
16 45 9 104 16 85 101 104 92 85 9 92 16 85 9 104 16 85 9 104
104 16 45 104 16 45 104 16 45 104 16 45 104 16 45 104 16 45 104 16
85 92 104 16 45 9 104 16 85 9 104 16 106 9 104 16 85 9 104 16
104 16 16 85 126 87 0 85 101 92 16 106 56 104 16 93 56 101 0 85
29 92 16 106 9 92 16 85 9 104 16 45 9 104 16 106 9 92 16 106
16 45 9 16 0 126 104 16 85 9 104 16 85 9 104 16 85 9 104 16
85 126 104 16 85 126 87 16 93 106 87 92 0 85 106 85 106 37 0 0
92 92 106 85 37 87 45 37 0 0 106 85 106 101 92 106 56 0 92 106
85 106 16 106 87 92 85 87 104 16 45 9 104 16 85 9 104 16 45 104
126 9 16 106 37 92 16 106 87 92 93 85 37 87 92 85 106 37 0 37
85 56 126 92 16 85 9 104 16 106 9 104 16 85 9 104 16 45 104 16
85 9 92 106 85 106 87 92 16 106 87 37 0 0 85 37 92 85 106 87
106 101 92 106 106 106 92 0 85 37 87 0 37 0 106 87 37 37 0 106
101 106 16 106 73 16 106 56 104 16 106 87 92 106 37 0 106 92 0 85
16 45 104 16 106 92 0 85 37 87 92 85 106 87 93 16 106 9 16 106
45 104 16 45 104 16 45 104 16 45 104 16 45 104 16 45 104 16 45 104
92 16 106 92 0 85 9 73 92 85 106 104 16 45 104 16 45 104 16 45
9 104 16 45 92 16 45 104 16 45 104 16 45 104 16 45 104 16 45 104
93 85 126 104 16 45 9 16 45 104 16 45 104 16 45 104 16 45 104 16
92 92 16 93 101 0 85 37 0 0 93 0 37 0 85 9 104 16 45 9
85 45 87 92 0 85 9 104 16 106 93 92 16 85 9 104 16 45 9 16
45 37 16 106 87 104 16 85 9 104 16 85 9 104 16 85 9 92 16 85
73 92 16 85 101 104 16 85 9 104 16 106 9 104 16 45 9 16 45 56
93 101 106 85 37 87 0 106 87 87 0 0 87 85 106 87 0 85 37 0
45 9 104 16 85 9 104 16 85 9 92 16 85 9 104 16 45 9 104 16
73 16 106 104 92 106 56 85 37 87 92 16 85 104 16 45 104 16 45 56
58 85 45 104 16 45 104 16 45 104 16 45 104 16 45 104 16 45 104 16
45 104 16 45 104 16 45 104 16 45 104 16 45 104 16 45 104 16 45 104
92 92 16 85 9 92 16 85 9 104 16 45 104 16 45 104 16 45 104 16
104 16 106 56 104 16 85 9 87 16 85 9 104 0 85 104 16 45 104 16
93 85 106 104 16 45 104 16 45 101 16 106 56 92 85 37 92 16 85 73
104 16 106 56 16 106 101 16 106 37 92 106 37 0 106 37 16 106 56 92
9 92 16 45 104 16 45 104 16 45 104 16 45 104 16 45 104 16 106 104
85 9 16 45 104 16 45 104 16 45 56 16 45 104 16 45 104 16 45 104
104 16 45 104 16 106 56 0 85 73 104 16 85 9 104 16 45 9 92 16
92 16 85 9 104 16 85 9 104 16 106 9 104 16 85 9 104 16 85 9
45 92 0 73 92 93 106 87 106 92 37 85 101 0 85 37 92 16 85 101
92 92 85 106 101 92 106 85 101 104 16 85 56 92 16 85 101 104 16 85
85 85 101 16 85 9 92 16 85 9 104 16 85 9 104 16 106 9 104 16
101 92 106 126 37 0 85 37 104 16 45 104 16 45 104 16 45 104 16 45
45 73 16 106 92 92 16 85 87 73 16 85 9 104 16 106 104 16 45 104
16 45 101 16 106 56 87 106 101 0 16 85 37 104 16 106 87 92 85 106
104 85 101 0 106 104 16 45 56 16 45 104 16 45 104 16 45 104 16 45
104 16 45 104 16 45 104 16 45 104 16 106 56 16 45 104 16 45 104 16
73 85 9 104 16 85 9 16 106 56 0 85 73 92 16 85 9 92 16 85
45 56 92 16 45 9 104 16 85 9 104 16 85 93 104 16 85 9 92 16
106 85 106 37 0 106 85 106 73 37 0 106 101 16 106 87 92 16 85 9
85 45 104 16 16 56 0 0 106 106 0 85 37 87 87 106 37 92 85 106
127 104 92 85 45 104 92 16 106 87 106 16 85 106 101 0 85 126 37 16
104 16 45 104 92 16 106 73 92 85 37 87 92 85 56 87 92 92 85 106
85 73 101 16 106 104 16 45 104 16 45 104 16 45 104 16 45 104 16 45
92 92 106 85 37 87 92 106 56 106 0 37 0 85 101 92 16 106 106 92
104 16 16 93 85 126 56 92 0 106 56 37 85 106 87 0 37 0 106 87
104 16 106 104 16 106 56 37 0 106 0 106 0 106 0 92 0 85 85 101
104 16 106 56 106 92 92 85 106 104 16 45 56 92 16 106 101 56 37 0
45 92 16 45 104 16 45 104 16 45 104 16 45 104 16 45 104 16 45 104
104 16 106 87 37 16 85 101 87 16 106 87 0 0 106 0 85 56 101 85
16 106 104 16 106 85 106 0 85 37 73 0 85 101 92 16 106 9 92 16
104 16 85 104 92 106 126 101 92 16 85 9 104 16 85 9 104 16 85 9
45 104 16 45 9 92 16 106 56 0 85 37 87 106 0 0 0 85 37 16
104 16 106 16 126 9 104 16 85 9 92 16 85 9 104 16 45 104 16 45
16 45 101 92 85 106 87 0 85 9 104 16 85 9 104 16 85 9 104 16
56 85 73 87 0 106 101 85 101 92 85 85 101 92 16 106 37 16 106 37
16 45 9 92 16 85 56 104 16 85 9 104 16 85 9 92 16 106 9 92
45 126 85 85 37 87 0 0 85 56 0 106 106 87 106 0 106 56 92 0
73 16 45 9 92 16 106 85 106 37 0 106 37 101 16 106 104 0 106 104
16 9 92 0 106 106 37 0 0 106 87 106 92 0 106 56 16 106 56 37
101 16 106 104 16 85 101 92 16 85 73 104 16 106 9 92 16 85 9 92
16 106 16 85 9 104 16 106 101 92 16 85 9 104 16 106 9 92 106 56
104 92 16 45 9 92 106 56 16 85 9 92 16 106 87 0 0 106 9 92
73 126 93 0 85 106 87 92 16 85 9 104 16 106 9 92 16 85 9 92
16 45 85 0 93 126 87 0 85 56 87 87 85 9 104 16 85 9 104 16
92 92 16 85 101 104 16 85 9 92 16 85 126 104 16 85 126 73 16 106
9 16 16 106 37 104 16 85 126 87 0 93 101 87 0 106 101 92 16 56
45 126 92 0 85 126 9 0 16 106 73 92 85 106 104 16 85 93 92 16
85 45 104 16 106 87 0 106 85 106 37 0 106 101 101 16 85 9 0 16
104 85 45 104 16 45 104 16 45 56 16 106 56 16 106 104 16 45 101 16
45 104 16 45 104 16 45 104 16 45 104 16 45 104 16 45 104 16 45 104
104 16 45 104 16 45 104 16 45 104 16 45 104 16 45 104 16 45 104 16
85 85 104 16 45 104 16 45 104 16 45 104 16 45 104 16 45 104 16 45
104 16 45 104 16 45 104 16 45 104 16 45 104 16 45 9 16 45 104 16
85 9 104 16 45 9 104 16 45 9 92 106 106 85 9 87 92 16 85 9
9 87 85 37 92 0 85 101 87 0 106 37 0 106 92 106 0 37 85 37
45 9 104 16 45 104 16 45 104 16 45 104 16 45 104 16 45 104 16 45
9 101 16 106 16 106 87 104 16 45 104 16 45 104 16 45 104 16 45 104
56 16 45 9 92 106 85 101 92 16 56 85 37 92 0 85 106 92 16 85
56 16 106 9 104 16 85 9 104 16 45 104 16 45 104 16 45 104 16 45
104 92 85 126 104 16 16 37 87 0 106 87 37 0 106 16 106 37 92 85
85 101 16 45 9 104 16 106 9 92 16 85 101 92 16 106 9 104 16 45
45 104 16 45 56 16 85 9 92 16 85 9 104 16 106 9 92 16 93 126
85 106 56 92 16 85 9 104 16 45 9 104 16 85 9 104 16 85 9 104
45 56 85 101 104 92 85 73 104 16 85 106 104 0 106 101 87 93 0 106
45 104 16 45 104 16 45 104 16 106 104 16 45 104 16 45 104 16 45 104
16 45 104 16 85 9 104 16 45 104 16 45 104 16 45 104 16 45 104 16
16 92 16 106 101 92 16 106 56 92 106 85 106 92 16 45 101 92 16 106
9 85 92 0 85 9 104 16 45 104 16 106 56 92 106 106 87 37 85 106
92 92 106 56 101 16 85 106 92 0 106 87 0 87 37 0 85 106 87 92
104 104 16 45 101 92 106 37 0 85 101 16 85 37 92 16 106 101 16 45
45 101 104 16 106 37 0 85 126 87 0 106 73 92 45 101 92 85 85 9
16 126 9 104 16 85 9 92 16 85 106 73 92 16 85 9 104 16 85 9
126 104 16 45 9 92 106 93 37 16 106 0 87 0 56 85 106 92 16 85
25 9 104 92 16 93 9 104 16 85 9 16 45 104 16 45 104 16 45 104
85 85 9 92 106 85 9 104 16 106 9 104 16 45 9 16 45 56 104 16
101 56 85 9 104 16 85 126 104 16 45 104 92 93 85 9 104 16 85 9
106 92 16 85 9 104 16 45 104 16 45 104 16 45 104 16 45 104 16 45
85 9 104 16 85 9 104 16 85 9 104 16 45 9 92 16 85 126 9 93
93 92 16 106 56 16 16 106 87 92 85 37 87 37 87 56 126 101 0 85
85 9 104 16 16 126 9 104 16 45 104 92 16 85 104 16 45 101 16 45
85 9 104 16 106 9 104 16 45 9 92 16 106 9 92 16 85 9 104 16
104 92 16 106 126 101 16 45 104 16 45 104 16 45 9 92 16 85 9 104
104 16 45 104 16 45 56 16 106 104 16 45 104 16 45 104 16 45 104 16
87 92 104 16 45 9 16 45 56 16 45 104 16 45 104 16 45 104 16 45
45 56 16 85 9 92 16 85 101 92 16 85 101 92 16 85 9 104 16 45
16 106 0 106 0 101 92 106 87 37 87 92 0 85 9 92 16 106 73 92
9 85 106 92 16 106 9 104 16 106 9 104 16 85 9 104 16 45 9 104
0 106 56 0 93 37 92 106 0 85 101 87 106 0 0 85 37 92 16 85
93 9 92 16 85 9 104 16 85 101 16 45 104 16 45 104 16 45 104 16
9 104 16 45 104 16 45 104 16 45 104 16 45 104 16 45 104 16 45 104
101 16 16 85 101 16 45 104 16 85 56 92 16 85 101 92 16 93 37 37
16 85 9 104 16 85 9 104 16 85 101 104 16 93 56 104 16 45 104 16
104 16 85 9 104 16 45 9 16 45 56 16 45 104 16 45 104 16 45 104
93 45 104 16 45 104 16 45 104 16 45 104 16 45 104 16 45 104 16 45
37 85 45 56 16 85 126 87 0 85 37 0 85 101 104 16 85 73 104 16
85 101 92 16 85 9 92 106 0 85 9 104 16 45 9 92 16 106 37 92
45 9 92 0 106 126 92 0 85 93 87 92 0 85 101 93 0 85 37 87
9 92 0 0 106 87 0 85 106 101 92 45 73 101 92 16 85 126 87 16
16 9 92 16 85 126 104 16 45 104 16 45 104 16 45 104 16 45 104 16
16 92 85 9 104 16 85 9 92 106 93 106 37 85 106 92 16 45 73 0
56 16 45 9 104 16 106 93 0 106 56 87 87 0 106 37 92 85 106 87
45 37 16 45 104 92 16 85 73 87 106 37 0 106 92 16 85 101 104 16
85 45 104 16 45 104 16 45 104 16 106 56 16 106 104 16 85 101 0 106
9 92 16 45 101 104 16 106 0 106 92 16 85 126 104 16 45 104 16 45
95 85 85 104 16 45 104 16 106 104 16 45 104 16 45 104 16 45 104 16
85 9 104 16 45 9 104 16 85 9 104 16 85 9 104 16 85 126 104 16
85 9 104 16 85 9 104 16 45 9 104 16 85 9 92 16 85 9 104 16
101 16 85 9 104 16 85 101 92 106 126 9 101 16 85 9 92 16 85 37
16 45 104 16 45 104 16 45 104 16 45 104 16 45 104 16 45 104 16 45
16 106 16 106 56 87 0 0 106 87 0 106 92 0 85 37 16 85 37 104
106 92 16 106 56 92 16 106 104 0 85 9 104 16 85 101 92 16 85 101
104 92 92 56 92 16 85 101 92 106 56 106 0 0 85 37 56 85 93 37
104 104 16 45 104 16 45 104 16 106 104 16 45 9 92 45 126 101 92 85
16 45 104 16 45 104 16 45 104 16 45 104 16 45 104 16 45 104 16 45
93 93 92 0 106 87 92 85 73 87 0 106 101 85 106 85 106 56 0 87
85 106 92 85 106 87 92 106 85 106 92 16 85 9 92 16 85 101 92 16
76 92 45 101 92 16 85 9 104 16 45 9 92 16 85 9 104 16 85 9
45 104 16 45 104 16 45 104 16 45 104 16 45 104 16 45 104 16 45 104
106 104 16 45 104 16 45 104 16 45 104 16 45 104 16 45 104 16 45 9
16 85 126 104 16 106 101 16 85 37 92 16 106 87 92 0 0 87 106 0
9 104 16 85 9 92 16 85 9 104 16 85 9 104 16 85 9 104 16 45
104 16 45 9 16 45 104 92 45 104 16 45 104 16 45 104 16 45 104 16
56 85 101 92 16 85 9 104 16 85 9 104 16 106 9 92 16 85 9 92
56 101 92 85 73 0 106 56 16 85 101 92 106 56 37 37 0 85 9 92
93 85 106 104 16 45 104 16 45 104 16 45 104 16 45 56 0 106 126 101
85 45 104 16 106 73 92 16 85 9 92 16 126 101 92 16 106 37 16 45
45 92 0 106 126 37 16 106 37 37 0 85 37 92 93 85 37 87 0 106
9 101 92 85 37 87 0 85 106 87 87 56 106 56 106 0 85 126 87 92
104 16 85 106 104 16 45 9 104 16 85 9 87 16 106 101 104 16 85 73
45 9 104 16 106 101 104 16 85 9 104 16 45 9 104 16 45 9 104 16
16 45 104 16 45 104 16 45 101 16 45 104 16 45 104 16 45 104 16 45
85 106 104 16 45 56 92 45 56 0 85 126 37 0 85 126 87 92 16 37
45 106 16 85 37 0 85 126 87 0 106 37 37 0 106 0 85 87 92 0
106 16 93 56 101 104 16 85 9 92 16 56 126 101 0 106 56 92 16 85
16 106 56 92 16 106 56 0 106 87 37 92 0 85 73 92 0 106 101 16
74 9 56 92 92 85 73 92 16 85 106 87 0 85 37 87 106 73 92 85
59 9 104 16 45 9 92 16 85 73 104 16 85 9 104 16 85 9 92 16
16 92 16 106 73 92 0 85 101 104 16 45 104 16 45 104 16 45 56 92
16 45 101 16 45 104 16 45 104 16 45 104 16 45 104 16 45 104 16 45
92 16 85 9 104 16 85 9 104 16 85 9 92 106 93 106 37 37 92 106
85 101 16 16 106 87 0 0 56 73 106 0 37 87 37 92 85 126 9 92
16 106 56 0 106 0 85 101 92 85 106 87 73 16 85 73 104 16 106 9
16 45 104 16 45 104 16 106 104 0 45 9 104 16 85 37 92 16 106 101
104 16 85 9 104 16 85 9 104 16 85 9 104 16 85 9 92 16 106 106
9 104 16 45 104 16 45 104 16 45 104 16 45 104 16 45 104 16 45 104
101 16 106 101 16 16 37 104 16 85 9 92 16 106 9 104 16 45 104 16
104 16 45 104 16 106 56 92 93 106 87 87 0 106 73 37 0 85 101 16
85 101 16 45 9 92 16 93 37 104 16 45 9 104 16 85 9 92 16 106
106 9 92 93 16 0 9 92 16 85 101 92 106 56 126 104 16 106 104 16
85 101 92 16 106 9 104 16 85 9 104 16 85 9 104 16 85 9 92 106
108 9 93 85 106 101 16 45 104 16 45 104 16 45 104 16 45 104 16 45
101 85 106 104 16 45 9 92 16 85 9 104 16 45 104 16 45 104 16 45
45 104 16 45 104 92 16 106 93 92 16 85 9 104 16 45 101 92 16 106
92 101 92 0 106 87 37 92 85 73 104 16 85 101 92 16 45 104 16 45
104 16 45 9 104 16 106 101 92 16 85 9 104 16 85 126 9 16 85 101
16 45 56 92 45 56 16 106 56 92 16 85 37 92 16 106 9 104 16 85
85 9 101 0 85 126 104 16 45 9 92 106 106 87 56 37 37 92 85 106
104 16 45 101 104 16 85 9 104 16 45 9 104 16 45 9 104 16 85 101
45 9 104 16 85 9 104 16 85 9 92 106 56 85 101 92 16 106 101 16
16 16 106 104 0 106 85 101 92 16 85 9 104 16 85 9 104 16 45 9
16 45 104 16 45 104 16 45 104 16 45 104 16 45 104 16 45 104 16 45
104 16 45 104 16 45 9 92 106 106 85 106 87 106 87 85 37 92 93 56
16 16 9 104 16 45 104 16 45 104 16 45 104 16 45 104 16 45 104 16
104 16 45 9 104 16 85 9 104 16 106 9 104 16 85 126 104 16 45 101
104 106 92 85 126 101 92 16 85 73 92 0 85 9 92 85 106 85 106 37
92 45 104 16 45 104 92 45 104 16 45 104 16 45 104 16 45 104 16 45
101 93 93 126 37 92 16 106 56 101 0 106 85 73 87 92 85 101 92 16
92 85 106 73 92 85 106 104 16 85 101 0 85 101 92 85 106 0 0 37
16 85 101 87 85 37 0 0 101 87 37 0 85 37 0 106 37 16 85 9
45 104 16 45 104 16 45 104 16 45 101 16 45 104 16 45 104 16 45 104
104 16 45 9 104 16 85 9 87 92 85 126 87 16 85 101 104 16 85 9
9 104 16 45 104 16 45 104 16 45 104 16 45 104 16 45 104 16 45 104
87 104 0 85 37 87 85 93 87 0 85 92 0 85 106 101 92 85 85 87
45 101 87 16 0 106 87 37 37 0 106 106 16 85 37 0 106 37 93 37
16 106 92 92 16 85 9 104 16 85 101 16 45 101 16 45 104 16 45 104
106 92 16 106 93 87 16 37 87 0 37 87 0 92 0 85 106 87 0 106
106 101 92 16 85 9 104 16 106 9 104 16 106 104 16 45 104 16 45 56
45 9 92 16 106 104 16 45 101 16 45 104 16 45 104 16 45 104 16 45
56 106 104 16 45 104 16 45 104 16 45 104 16 45 104 16 45 104 16 45
85 106 101 0 85 9 104 16 45 9 104 16 85 9 104 16 85 9 87 0
101 104 16 85 9 104 16 106 101 92 16 85 9 104 16 85 9 104 16 85
16 106 85 126 104 16 106 126 101 92 16 85 9 104 16 45 104 16 106 104
0 106 0 106 0 85 37 87 0 0 85 37 92 16 85 9 92 16 85 126
106 106 16 45 104 16 45 104 16 45 104 16 45 104 16 45 104 16 45 104
104 16 85 126 87 92 92 16 106 37 0 0 85 37 92 0 85 101 0 16
0 101 56 92 0 37 0 85 37 87 92 16 85 9 104 16 106 126 37 0
56 16 85 101 92 16 106 126 104 16 45 104 16 45 104 16 45 104 16 45
16 45 104 16 45 104 16 45 104 16 45 104 16 45 9 104 16 85 9 104
27 92 85 9 104 16 85 9 16 45 104 16 45 104 16 45 104 16 45 104
106 92 16 85 9 104 16 85 56 101 16 85 9 73 92 16 106 56 87 0
106 92 92 16 85 9 104 16 85 9 104 16 45 9 92 16 93 101 92 16
56 92 106 93 0 85 101 104 16 85 9 104 16 85 101 104 16 45 104 16
73 104 16 45 9 92 45 56 0 16 106 37 92 16 93 9 16 45 56 16
56 104 85 85 101 92 16 106 9 104 16 85 9 104 16 126 9 92 16 106
85 45 104 16 45 101 92 106 101 37 16 85 106 37 92 85 85 9 104 16
9 104 16 45 104 16 45 104 16 45 104 16 45 104 16 45 104 16 45 9
16 106 93 101 16 85 9 92 16 126 9 92 45 92 16 45 104 16 45 104
101 92 101 16 85 9 92 106 56 87 0 0 0 37 56 0 85 73 92 85
106 92 16 85 101 92 16 56 73 0 0 0 106 87 37 87 0 0 37 0
9 16 45 104 16 45 9 104 16 85 9 104 16 45 104 16 45 104 16 45
114 92 85 101 104 16 85 92 92 16 85 9 104 16 85 9 16 106 56 16
85 45 104 92 85 9 104 16 85 9 104 16 106 85 37 73 92 85 106 37
104 16 45 104 16 45 104 16 45 104 16 45 104 16 45 104 16 45 104 16
92 92 16 106 56 87 92 16 56 106 87 85 37 92 0 85 56 104 16 45
104 16 45 104 16 45 104 16 45 104 16 45 9 92 16 126 101 16 106 126
16 106 56 0 45 101 92 16 85 9 37 16 85 9 104 16 85 101 104 16
104 16 85 9 92 106 85 126 104 16 85 9 92 16 85 101 92 106 93 56
106 101 16 45 9 104 16 85 101 92 16 85 101 104 16 85 85 9 104 16
16 45 126 92 16 85 9 104 16 85 9 104 16 45 104 16 45 104 16 45
16 85 9 92 106 85 9 92 16 106 56 92 106 85 73 92 0 85 37 92
85 9 104 16 106 9 92 16 85 9 104 16 85 101 92 16 85 126 101 92
85 101 92 45 92 0 106 87 106 0 106 0 37 106 85 106 87 0 16 85
16 85 9 104 16 85 126 104 16 45 104 16 106 104 16 45 104 16 45 104
104 16 106 126 101 92 85 126 104 16 45 104 16 45 104 16 45 104 16 45
85 9 101 92 16 106 101 16 45 56 92 16 85 9 104 16 106 9 104 16
93 101 16 106 85 101 92 85 37 37 37 16 106 37 92 16 85 56 92 16
104 16 45 104 16 45 104 16 45 104 16 45 104 16 45 104 16 45 104 16
85 92 92 16 85 9 104 16 85 37 104 16 56 126 92 92 85 126 92 16
16 45 56 92 16 85 9 16 85 101 0 106 37 16 106 104 16 45 104 16
104 16 85 92 92 16 85 9 104 16 85 9 104 16 85 9 104 16 85 9
16 45 9 104 16 85 101 92 106 0 0 37 0 106 56 37 0 106 56 87
106 16 106 56 0 106 87 0 106 56 37 0 0 85 37 92 16 85 101 92
85 45 104 16 45 104 16 45 104 16 45 104 16 45 9 16 45 56 56 126
16 106 92 16 106 101 92 16 85 9 104 16 85 9 92 16 93 93 87 106
85 101 92 16 85 37 104 16 85 9 92 45 104 16 45 104 16 45 104 16
85 9 104 16 45 104 16 45 104 16 45 104 16 45 9 92 106 56 37 37
16 85 101 92 16 85 101 104 16 85 9 104 16 85 9 104 16 45 9 16
104 16 45 104 16 45 104 16 45 104 16 45 104 16 45 104 16 45 104 16
104 16 45 104 16 45 104 16 45 104 16 45 104 16 45 104 16 45 104 16
45 56 87 37 92 85 106 87 0 106 37 0 85 101 92 16 85 37 16 45
16 45 104 16 45 104 16 45 104 16 45 104 16 45 101 104 16 106 87 104
101 16 45 56 16 106 37 16 93 56 0 85 101 92 0 85 73 92 16 106
92 16 106 101 87 16 106 101 104 16 85 9 92 45 56 16 0 85 37 92
104 92 16 93 9 92 16 106 106 87 92 16 85 101 92 16 106 92 16 85
93 104 16 45 104 16 45 104 16 45 104 16 45 9 16 45 104 16 45 9
16 45 9 92 16 106 9 104 16 85 9 92 106 56 37 87 16 0 85 87
104 16 45 104 16 106 104 0 106 126 92 0 85 101 104 16 106 9 16 45
45 92 16 45 104 16 45 104 16 45 9 16 45 104 16 45 104 16 45 56
101 126 106 104 16 106 126 104 16 85 101 92 85 106 0 85 45 9 92 16
85 9 87 16 56 9 104 16 45 9 92 16 106 73 104 16 85 101 87 16
45 87 101 0 16 85 87 92 0 0 56 56 0 85 73 104 16 85 101 92
9 106 87 45 104 16 45 104 16 45 104 16 45 104 16 45 104 16 45 104
9 87 104 16 85 9 92 85 106 73 0 85 106 92 93 85 37 0 85 101
9 104 16 45 104 16 45 104 16 45 104 16 45 104 16 45 104 16 45 104
104 16 16 85 101 104 16 85 9 87 92 16 106 37 0 85 9 92 16 106
16 56 16 85 126 104 16 106 9 104 16 85 9 104 16 45 104 16 45 104
87 92 106 106 16 106 87 101 92 85 37 0 106 37 37 92 85 37 104 0
93 93 106 0 85 37 0 106 0 85 106 92 16 106 9 92 16 93 101 104
85 9 92 106 85 9 104 92 85 9 104 16 106 101 92 16 85 101 92 16
16 92 16 85 73 104 16 85 9 92 16 85 9 104 16 85 9 104 16 85
16 16 85 9 104 16 106 104 16 85 9 92 16 106 73 101 0 85 73 0
45 9 92 16 85 85 101 92 16 85 9 104 16 45 104 92 45 56 37 92
85 9 104 16 85 9 104 16 85 9 104 16 85 9 92 16 85 9 104 16
104 16 106 56 0 0 85 101 0 85 106 92 85 37 87 37 85 101 87 0
101 92 93 85 106 9 104 16 106 101 92 16 85 101 92 85 101 92 16 106
104 56 106 56 0 85 73 92 85 106 87 0 106 87 37 0 87 0 101 87
0 16 106 101 92 85 126 9 92 16 106 37 92 16 106 104 16 85 9 104
92 104 16 45 104 16 45 104 16 45 104 16 45 104 16 45 104 16 45 104
106 104 16 45 104 16 45 104 16 45 104 16 45 104 16 45 104 16 45 104
73 92 16 85 9 104 16 106 9 92 16 85 9 104 16 45 104 16 45 104
104 16 45 104 16 45 104 16 45 104 16 45 104 16 45 104 16 45 104 16
85 9 37 16 106 56 92 106 85 126 104 16 85 101 104 16 45 9 92 106
73 104 16 45 104 92 106 104 16 45 104 16 45 104 16 45 104 16 45 104
16 9 56 92 0 106 87 0 85 9 101 0 85 9 104 16 45 104 16 45
9 104 16 45 104 16 45 104 16 45 104 16 45 104 16 45 104 16 45 104
101 0 85 9 92 0 106 85 56 0 85 37 92 85 106 56 16 106 0 37
45 104 16 45 104 16 45 104 16 45 104 16 45 104 16 45 104 16 45 104
85 85 9 92 16 85 101 92 16 106 9 104 16 106 101 87 16 85 87 37
85 106 92 16 106 9 104 16 106 104 16 45 104 16 45 104 16 45 104 16
87 101 16 106 73 92 16 85 9 104 16 45 104 16 45 101 92 45 101 92
16 16 45 101 104 16 85 9 104 16 85 126 104 92 85 126 104 16 45 104
85 101 16 45 104 16 45 104 16 45 104 16 45 104 16 45 104 16 45 104
92 93 92 106 16 85 101 92 85 106 104 16 85 9 92 16 106 9 104 16
45 126 16 106 92 85 106 87 73 0 85 101 92 85 106 0 106 87 0 37
104 16 85 101 104 16 85 9 104 16 85 9 104 0 85 126 104 16 45 9
16 85 45 104 16 16 85 9 104 16 85 9 104 16 85 9 104 16 85 9
45 9 104 16 106 126 104 16 45 104 16 45 104 16 45 104 16 45 104 16
45 104 16 106 101 92 85 56 101 16 85 9 104 16 85 126 92 16 85 126
9 92 16 85 9 16 106 56 0 45 101 92 85 37 0 85 106 37 92 85
45 104 16 45 104 16 45 104 16 45 104 16 45 104 16 45 104 16 45 104
93 16 106 92 0 106 73 37 16 85 126 104 16 45 104 16 45 9 104 16
45 9 104 16 106 104 16 45 104 16 45 104 16 45 56 85 106 37 16 106
45 101 93 106 85 9 92 16 85 101 104 16 85 9 104 16 106 56 104 16
104 16 106 85 9 104 16 45 9 92 16 45 101 92 16 85 9 92 16 85
101 106 87 0 0 106 87 106 92 37 87 106 0 85 101 92 85 37 85 106
106 56 101 16 106 37 87 0 92 85 106 104 16 85 73 16 106 37 0 106
92 85 106 104 16 85 101 104 16 85 9 92 16 85 9 92 16 85 126 101
106 16 85 101 92 16 106 87 85 106 87 92 16 85 37 92 16 93 37 0
85 106 9 0 16 85 9 92 16 106 73 92 85 106 87 92 85 101 87 37
9 92 106 16 85 9 104 16 45 9 16 45 104 16 45 104 16 45 104 16
85 101 104 16 106 87 56 92 0 106 37 0 0 85 101 92 16 106 56 16
9 104 16 45 9 104 16 85 9 104 16 85 9 104 16 85 9 104 16 106
16 85 106 101 92 16 106 87 37 0 106 101 0 85 104 92 106 85 87 92
104 16 106 9 87 16 106 93 126 101 92 85 56 104 16 106 104 16 45 104
104 16 45 104 16 85 9 104 16 45 9 104 16 85 9 16 16 56 85 92
104 16 45 9 104 16 85 9 104 16 85 126 104 16 45 104 16 106 56 16
85 9 104 16 45 104 16 45 104 16 45 104 16 45 104 16 45 104 16 106
85 9 104 16 85 106 37 16 106 37 87 0 0 0 73 87 0 37 0 106
16 93 106 0 85 9 92 16 85 56 87 0 106 87 0 106 0 92 92 0
104 92 85 101 104 16 45 104 16 45 104 16 45 104 16 45 104 16 45 104
85 56 0 85 101 92 0 85 37 87 0 106 0 0 0 37 0 85 37 0
104 92 16 85 106 87 16 85 9 92 16 85 9 92 16 126 9 104 16 85
16 45 101 92 106 85 56 104 16 85 126 104 16 45 9 104 16 45 9 104
106 16 106 101 16 85 9 87 0 85 9 104 16 85 9 104 16 45 104 16
126 9 16 106 56 87 85 126 104 16 45 104 16 45 104 16 45 104 16 45
