85 9 104 16 85 9 92 16 106 9 16 85 37 92 85 106 85 85 37 0
9 104 16 45 56 16 45 104 16 45 104 16 45 104 16 45 104 16 45 104
106 92 85 106 9 0 85 106 0 106 87 0 85 106 92 16 106 37 0 85
104 16 45 104 16 45 104 16 45 104 16 45 104 16 45 104 16 45 104 16
9 92 85 106 104 16 85 9 92 85 106 87 0 85 106 87 85 85 37 92
45 104 16 45 104 16 45 104 16 45 104 16 45 104 16 45 104 16 45 104
45 104 16 45 104 16 45 104 16 45 104 16 45 104 16 45 104 16 45 104
45 16 85 85 87 92 85 85 37 92 85 106 87 0 85 106 37 0 85 37
106 16 85 9 92 85 106 87 0 85 106 87 0 106 85 37 0 85 106 37
104 16 85 9 92 106 85 106 87 0 85 85 37 0 85 106 87 0 85 106
16 85 9 92 85 106 37 0 85 9 92 85 106 87 85 106 87 92 0 85
16 106 85 106 9 0 106 106 37 85 85 37 0 85 106 0 85 106 87 0
106 85 85 37 0 85 85 37 0 106 37 106 85 85 37 0 106 37 16 85
85 9 16 106 104 16 45 104 16 45 104 16 45 104 16 45 104 16 45 104
104 16 45 104 16 45 104 16 45 104 16 45 104 16 45 104 16 45 104 16
106 92 85 106 0 85 9 92 85 106 0 85 106 0 106 37 0 106 85 106
45 104 16 45 104 16 85 106 92 16 85 37 92 85 106 87 0 85 37 92
104 92 85 106 87 0 85 106 104 16 85 9 0 85 106 104 16 45 104 16
45 85 85 37 0 85 106 87 0 85 9 92 85 85 9 0 85 106 87 85
16 16 106 92 0 85 37 85 85 85 37 16 85 9 92 85 106 37 92 85
16 16 85 9 92 106 85 37 92 85 106 37 92 85 106 87 0 85 37 0
92 85 85 9 92 16 85 9 92 85 106 87 16 85 9 16 106 104 16 45
104 16 85 9 92 16 85 9 87 16 85 9 0 85 106 87 85 85 37 0
85 106 106 0 85 85 37 92 85 106 87 0 85 106 87 85 85 37 0 85
92 16 85 9 104 16 85 9 16 45 104 16 45 104 16 45 104 16 45 104
104 16 45 56 16 85 9 16 45 104 16 45 104 16 45 104 16 45 104 16
16 92 16 85 9 92 85 106 37 0 85 106 87 0 85 85 87 0 85 106
85 9 92 16 85 9 104 16 85 9 104 85 106 87 92 16 85 9 0 85
16 45 56 16 106 104 16 45 104 16 45 104 16 45 104 16 45 104 16 45
85 106 92 85 85 9 92 85 85 104 16 45 104 16 45 104 16 45 104 16
16 106 92 85 85 9 104 16 45 104 16 45 104 16 45 104 16 45 104 16
104 16 85 9 104 16 85 9 92 85 106 87 0 85 85 37 0 85 85 37
16 45 104 16 106 106 92 85 106 87 85 106 87 16 85 9 87 16 85 37
16 45 104 16 45 104 16 45 104 16 45 104 16 45 104 16 45 104 16 45
16 85 92 16 85 9 16 85 104 16 45 104 16 45 104 16 85 56 16 45
45 92 85 106 104 16 45 104 16 45 104 16 45 104 16 45 104 16 45 104
104 16 106 56 16 106 104 16 45 104 16 45 104 16 45 104 16 45 104 16
106 106 92 16 85 9 104 16 85 9 16 85 56 92 85 106 87 85 85 9
9 92 16 85 37 92 85 85 9 92 16 106 87 92 0 85 85 37 0 85
16 45 104 16 45 104 16 45 104 16 45 104 16 45 104 16 45 104 16 45
16 45 104 16 45 104 16 45 104 16 45 104 16 45 104 16 45 104 16 45
9 92 92 85 9 92 16 85 37 92 16 85 106 92 85 106 87 92 85 85
104 16 85 9 16 85 56 16 45 56 16 45 104 16 45 104 16 45 104 16
85 106 16 85 9 92 16 85 9 104 16 106 104 16 45 104 16 45 104 16
85 104 16 45 104 16 45 104 16 45 104 16 45 104 16 45 104 16 45 104
104 92 85 85 37 0 106 85 106 85 106 37 16 45 104 16 45 104 16 45
85 85 104 16 85 9 92 85 106 87 0 85 37 92 85 85 9 104 16 85
9 104 16 106 9 92 85 106 87 0 85 106 92 16 85 9 16 45 56 16
92 92 85 106 104 16 85 9 92 85 85 9 92 16 106 37 0 85 106 87
85 85 104 16 85 9 0 85 106 104 16 85 9 92 16 106 37 0 85 106
45 104 92 85 85 9 16 85 9 16 85 56 0 106 104 16 45 104 16 45
16 45 9 16 45 104 16 45 104 16 45 104 16 45 104 16 45 56 16 45
106 16 85 106 87 37 0 85 85 37 92 85 85 37 0 85 106 87 92 85
9 104 16 45 104 16 45 104 16 45 104 16 45 104 16 45 104 16 45 104
104 16 106 104 16 45 104 16 45 104 16 45 104 16 45 104 16 45 104 16
85 9 92 16 85 9 92 85 106 92 16 85 9 92 85 85 9 92 85 85
104 16 85 9 92 85 106 87 0 85 85 37 92 85 106 87 0 85 106 87
92 106 92 0 85 37 92 16 85 9 104 16 85 9 104 16 85 9 16 106
16 85 9 104 16 85 104 16 45 9 16 45 104 16 45 104 16 45 104 16
104 16 45 104 16 45 104 16 45 104 16 45 104 16 45 104 16 45 104 16
85 85 9 92 85 85 37 87 16 85 9 92 85 85 37 104 16 106 9 0
106 92 85 85 104 16 45 104 16 45 104 16 45 104 16 45 104 16 45 104
85 106 104 16 45 104 16 45 104 16 45 104 16 45 104 16 45 104 16 45
104 16 106 106 0 106 0 85 37 85 106 87 0 106 37 0 85 37 92 16
106 85 106 87 106 85 85 37 16 106 56 92 85 85 37 0 106 37 0 85
87 106 92 85 85 37 92 16 85 9 0 106 106 0 85 85 37 0 106 106
16 106 104 16 85 9 16 85 9 104 16 85 9 92 16 85 9 104 16 106
85 106 104 16 45 104 16 45 104 16 45 104 16 45 104 16 45 104 16 45
45 104 16 45 104 16 45 104 16 45 104 16 45 104 16 45 104 16 45 104
16 45 104 16 45 104 16 45 104 16 45 104 16 45 104 16 45 104 16 45
104 16 85 9 92 85 106 92 16 85 9 104 16 85 9 0 85 56 16 106
85 106 92 0 85 106 0 85 37 0 85 85 37 0 85 106 87 0 85 106
16 45 56 0 85 9 92 16 106 104 16 45 104 16 45 104 16 45 104 16
9 104 16 106 56 16 85 37 0 106 37 0 85 37 87 106 37 85 106 37
16 85 106 92 85 106 87 0 85 106 87 0 106 37 0 85 104 16 85 104
104 16 85 9 104 16 85 9 92 106 85 106 0 106 0 85 106 87 85 85
85 9 104 16 45 9 16 85 56 92 85 85 9 92 16 85 9 92 106 106
85 9 104 16 85 9 92 16 85 9 104 16 85 9 104 16 85 9 16 85
85 104 16 85 9 104 16 85 9 92 85 106 37 0 106 85 85 37 0 106
45 104 92 85 106 37 0 85 9 92 16 85 9 92 85 106 87 0 85 106
92 104 16 106 85 37 0 85 85 87 37 106 106 85 37 37 0 85 106 87
85 9 104 16 45 104 16 45 104 16 45 104 16 45 104 16 45 104 16 45
106 92 85 106 87 92 85 85 37 0 85 85 37 0 85 85 37 92 85 106
85 106 16 85 56 16 45 104 16 45 104 16 45 104 16 45 104 16 45 104
16 106 85 106 37 0 106 85 37 37 85 106 87 106 85 106 87 0 85 37
104 104 16 45 104 16 45 104 16 45 104 16 45 104 16 45 104 16 45 104
106 85 106 87 92 85 106 87 0 85 85 37 92 85 85 37 92 85 106 87
45 104 16 45 104 16 45 104 16 45 104 16 45 104 16 45 104 16 45 104
106 85 9 92 85 106 104 16 85 9 104 16 106 37 16 85 9 92 85 106
9 92 106 85 85 37 85 106 85 106 87 106 85 85 9 92 16 85 9 92
106 106 16 106 104 16 45 104 16 45 104 16 45 104 16 45 104 16 45 104
104 16 85 9 87 0 85 85 37 0 85 37 37 0 85 106 87 0 85 37
85 85 104 92 85 106 37 0 85 106 87 92 0 106 37 92 85 106 87 106
16 106 56 0 85 85 37 0 85 106 92 16 85 37 0 85 106 37 0 85
16 92 85 106 87 16 85 104 16 45 104 16 45 104 16 45 104 16 45 104
104 16 85 104 16 45 104 16 45 104 16 45 104 16 45 104 16 45 104 16
45 104 16 45 9 16 45 104 16 45 104 16 45 104 16 45 104 16 45 104
9 92 92 16 85 9 87 0 85 106 87 85 106 92 0 106 85 85 37 37
104 85 106 87 16 85 37 92 85 85 9 92 16 85 9 0 85 37 85 85
104 16 106 104 16 45 104 16 45 56 16 106 104 16 85 9 16 45 104 16
85 85 9 104 85 85 9 104 16 85 9 92 16 106 37 0 106 37 0 85
16 85 106 92 85 106 87 92 85 106 87 92 85 85 9 92 85 106 87 92
16 85 106 92 16 85 85 87 16 106 56 16 85 9 92 85 106 87 85 106
104 16 45 56 16 85 9 92 85 85 87 0 85 85 37 0 106 106 37 85
45 104 16 85 104 16 106 56 16 45 104 16 45 56 16 85 9 0 85 106
16 85 104 16 45 104 16 45 104 16 45 104 16 45 104 16 45 104 16 45
104 16 85 9 87 16 85 37 0 85 106 0 85 106 0 85 37 92 85 106
104 16 45 9 16 45 104 16 45 104 16 45 104 16 45 104 16 45 104 16
104 85 9 104 16 85 9 92 16 106 87 106 106 106 85 106 37 0 85 85
16 106 92 0 85 106 104 16 85 9 92 85 85 9 92 16 85 9 0 85
16 45 56 16 45 104 16 45 104 16 45 104 16 45 104 16 45 104 16 45
104 16 106 85 85 106 87 0 85 85 37 0 106 106 0 85 106 87 85 106
104 16 106 104 16 45 104 16 45 56 16 45 104 16 45 104 16 45 104 16
45 92 85 106 37 0 85 37 0 85 85 37 0 85 106 37 92 106 85 106
85 45 104 16 45 104 16 45 104 16 45 104 16 45 104 16 45 56 16 45
92 16 85 104 16 45 104 16 45 104 16 45 104 16 45 104 16 45 104 16
85 9 92 85 106 87 0 85 106 87 85 85 37 92 85 106 37 92 85 85
16 85 9 92 85 106 87 0 106 85 106 85 85 37 92 16 85 9 104 16
92 92 92 16 85 9 92 85 85 9 104 16 85 9 16 45 104 16 45 104
106 85 106 0 85 85 87 0 85 106 37 0 85 106 37 0 85 9 87 85
9 85 106 92 85 106 87 85 106 37 37 85 106 0 106 106 85 106 37 85
85 9 92 85 85 85 37 0 85 106 87 85 106 87 0 85 106 37 85 85
104 16 106 85 37 92 85 106 87 0 85 106 87 85 106 37 0 85 37 0
106 92 16 106 87 0 85 106 87 0 85 106 87 0 85 106 104 16 45 104
106 9 16 85 9 16 45 104 16 45 104 16 45 104 16 45 104 16 45 104
16 106 104 16 85 9 92 16 106 37 0 85 106 87 92 85 106 37 0 85
9 92 16 106 87 0 85 106 87 85 106 0 85 37 0 106 87 85 106 37
104 16 85 9 92 106 56 92 85 85 9 92 85 85 9 0 85 37 92 85
9 92 106 85 85 37 16 45 104 16 45 104 16 45 104 16 45 104 16 45
9 104 16 85 9 87 16 85 9 0 106 37 0 106 37 85 106 85 106 87
85 9 104 16 85 9 104 16 85 9 16 45 104 16 45 9 16 45 104 16
106 92 106 85 85 106 92 16 85 9 92 16 85 37 92 85 85 37 87 0
85 45 104 16 45 104 16 45 104 16 45 104 16 45 104 16 45 104 16 45
106 16 85 106 104 16 106 9 92 85 106 92 16 85 9 104 16 85 106 0
45 104 16 45 104 16 45 104 16 45 104 16 45 104 16 45 104 16 45 104
92 106 85 85 37 92 85 85 37 0 85 37 92 16 85 37 0 106 85 106
85 106 104 16 85 9 104 16 45 104 16 45 104 16 45 104 16 45 104 16
104 16 45 104 16 45 104 16 45 104 16 45 104 16 45 104 16 45 104 16
16 106 92 16 85 106 104 16 45 104 16 45 104 16 45 104 16 45 104 16
85 85 9 104 16 85 9 92 85 106 87 106 37 85 106 87 92 85 85 37
106 106 16 85 104 16 45 104 16 45 104 16 45 104 16 45 104 16 45 104
16 85 104 16 45 104 16 45 104 16 45 56 92 16 85 9 92 16 106 37
16 85 9 92 85 106 37 0 106 37 37 0 85 106 87 85 106 87 85 106
85 85 92 92 16 106 9 0 85 106 92 85 85 37 92 106 85 106 92 16
9 104 16 45 104 16 45 104 16 45 104 16 45 104 16 45 104 16 45 104
9 104 16 45 104 16 45 104 16 45 104 16 45 104 16 45 104 16 45 104
92 45 104 16 45 104 16 45 104 16 45 104 16 45 104 16 45 104 16 45
85 85 104 16 85 9 92 85 106 104 16 45 104 16 45 104 16 45 104 16
9 16 106 92 16 106 37 0 85 106 87 85 106 37 0 85 37 92 16 106
85 85 87 92 85 106 87 16 85 9 16 85 106 92 85 106 0 106 104 16
85 104 16 45 104 16 45 104 16 45 104 16 45 104 16 45 104 16 45 104
16 106 92 16 85 85 87 92 85 85 9 16 85 9 92 106 56 0 85 106
16 85 106 104 16 85 9 104 16 85 37 92 16 85 37 92 106 85 106 92
85 9 104 16 106 56 0 85 85 87 0 85 106 87 106 85 85 37 0 85
104 16 106 104 16 45 104 16 45 104 16 45 104 16 45 104 16 45 104 16
103 85 106 92 16 85 9 104 16 85 9 92 85 85 9 92 85 106 87 106
104 16 85 106 87 0 85 106 0 106 85 85 106 92 85 85 37 0 85 106
16 106 16 85 9 92 85 106 87 0 106 85 106 0 85 85 37 0 85 106
104 16 45 104 16 45 104 16 45 104 16 45 104 16 45 104 16 45 104 16
85 9 16 85 9 92 16 85 9 92 16 85 9 92 16 85 9 92 106 85
16 85 9 104 16 45 104 16 45 104 16 45 104 16 45 104 16 45 56 16
16 106 104 16 45 104 16 45 104 16 45 104 16 45 104 16 45 104 16 45
104 16 85 9 87 106 85 85 9 16 106 56 16 85 85 37 0 85 106 87
85 104 16 45 104 16 45 104 16 45 104 16 45 104 16 45 104 16 45 104
9 104 16 45 104 16 45 104 16 45 104 16 45 104 16 45 104 16 45 104
104 16 85 106 37 16 85 9 92 16 85 9 104 16 85 9 104 16 85 9
85 106 85 85 104 16 45 104 16 45 104 16 45 104 16 45 104 16 45 104
92 16 106 104 16 45 104 16 45 104 16 45 104 16 45 104 16 45 104 16
9 104 16 85 9 104 16 85 9 92 85 106 87 16 85 9 92 85 106 104
104 16 106 56 92 85 106 92 85 85 9 92 16 85 9 92 16 106 9 92
104 16 106 104 16 45 104 16 45 104 16 45 104 16 45 104 16 45 104 16
16 85 106 92 106 106 37 85 106 37 0 106 37 37 85 106 37 0 106 37
45 104 16 106 104 16 45 104 16 45 104 16 45 104 16 45 104 16 45 104
16 85 106 87 0 85 37 92 85 106 37 0 85 106 87 85 106 87 0 85
85 9 92 85 106 92 106 106 85 85 37 37 85 106 37 106 106 85 106 87
85 85 104 16 45 104 16 45 104 16 45 104 16 45 104 16 45 104 16 45
85 9 16 45 9 92 85 106 87 106 85 85 37 37 0 85 37 0 85 106
9 16 85 104 16 45 104 16 45 104 16 45 104 16 45 104 16 45 104 16
85 45 104 16 45 104 16 45 104 16 45 104 16 45 104 16 45 104 16 45
85 9 104 16 85 9 92 106 85 106 92 85 85 9 92 85 106 92 85 106
85 106 16 85 104 16 45 104 16 45 104 16 45 56 16 45 104 16 85 104
9 104 16 85 9 104 16 85 9 92 85 85 9 0 106 37 0 85 37 92
92 16 106 92 16 85 9 0 85 106 87 85 106 87 0 85 106 87 85 106
85 9 104 16 45 104 16 45 104 16 45 104 16 45 104 16 45 104 16 45
16 106 92 85 106 9 92 16 85 106 104 16 85 9 92 85 106 37 0 106
16 85 104 16 45 104 16 45 104 16 45 104 16 45 104 16 45 104 16 45
16 85 106 0 85 106 92 85 106 37 0 85 85 37 0 85 37 16 106 56
16 106 56 0 85 106 87 16 85 9 92 85 106 87 85 85 37 0 85 37
16 45 104 16 45 104 16 45 104 16 45 104 16 45 104 16 45 104 16 45
45 104 16 45 104 16 45 104 16 45 104 16 45 104 16 45 104 16 45 104
106 16 45 9 92 85 106 92 16 85 106 92 85 85 37 0 85 106 87 16
104 92 85 106 104 16 106 9 16 106 56 92 85 106 87 85 106 37 0 85
45 92 16 45 104 16 45 104 16 45 104 16 45 104 16 45 104 16 45 104
106 92 92 85 106 37 16 85 9 92 85 106 87 0 85 37 0 85 85 37
16 104 16 45 104 16 85 104 16 45 104 16 45 104 16 45 104 16 45 104
16 85 106 92 16 85 9 104 16 45 104 16 45 56 16 45 104 16 45 104
16 85 106 92 85 106 87 85 106 37 0 106 37 0 85 106 92 85 106 87
104 16 106 87 0 85 37 37 85 106 37 0 85 106 87 106 106 85 85 37
104 92 16 85 9 92 16 85 9 92 16 85 9 104 16 85 9 104 16 85
85 106 104 16 45 104 16 45 104 16 45 56 16 45 104 16 45 56 16 106
16 85 9 16 106 104 16 45 104 16 45 104 16 45 104 16 45 104 16 45
85 9 92 106 85 37 0 85 106 87 106 106 85 85 37 0 85 37 92 85
104 106 85 85 87 0 106 85 106 87 0 85 37 37 0 85 106 87 0 85
104 85 45 104 16 45 104 16 45 104 16 45 104 16 45 104 16 45 104 16
16 85 85 37 92 85 106 87 92 85 85 104 16 85 37 16 85 9 92 16
92 92 106 85 37 0 85 85 37 92 85 85 37 92 85 106 85 37 85 85
9 92 85 106 87 0 106 87 106 85 106 37 106 85 106 87 106 85 37 37
85 9 92 85 106 87 0 85 106 92 16 85 9 92 106 85 37 0 85 106
16 106 85 106 87 106 85 106 87 85 85 106 87 106 85 106 37 85 106 87
85 9 92 85 85 85 37 16 85 106 92 16 106 104 16 45 104 16 45 104
106 85 9 92 85 85 37 0 85 106 92 16 45 104 16 45 104 16 45 104
16 85 9 104 16 45 104 16 45 104 16 45 104 16 45 104 16 45 104 16
85 85 87 0 85 106 87 0 85 85 37 16 45 104 16 45 104 16 45 104
9 104 16 106 104 16 45 104 16 45 104 16 45 104 16 85 104 16 45 104
93 85 106 92 16 85 9 16 45 104 16 45 104 16 45 104 16 45 104 16
85 92 92 0 85 106 92 0 85 106 87 106 85 106 37 0 85 106 87 85
16 85 104 16 85 104 16 45 104 16 45 104 16 45 104 16 45 104 16 45
104 92 85 85 9 92 85 106 104 16 85 9 16 106 104 16 45 104 16 45
9 9 0 106 37 37 106 85 106 37 0 85 37 0 85 106 87 0 85 106
56 92 85 106 104 16 85 9 16 106 106 0 85 9 92 85 106 92 85 106
85 9 104 16 45 9 16 45 104 16 45 104 16 45 104 16 45 104 16 45
45 92 16 85 9 92 85 85 9 92 85 106 87 92 85 106 87 37 85 85
106 92 85 45 104 16 45 104 16 45 104 16 45 104 16 45 104 16 45 104
85 9 104 16 106 9 92 16 106 37 92 85 106 92 16 85 9 104 16 85
16 45 104 16 45 104 16 45 56 16 45 104 16 45 104 16 45 104 16 45
85 9 104 16 106 104 16 45 104 16 45 104 16 45 104 16 45 104 16 45
106 16 85 9 104 16 85 9 92 16 85 9 104 16 106 104 16 45 9 92
104 16 45 104 16 45 104 16 45 104 16 45 104 16 45 104 16 45 104 16
85 9 92 16 85 9 104 16 45 9 16 45 104 16 45 104 16 45 104 16
56 16 45 104 16 45 104 16 45 104 16 45 104 16 45 104 16 45 104 16
104 16 45 104 16 45 104 16 45 104 16 45 104 16 45 104 16 45 104 16
16 85 85 92 16 85 9 87 16 85 9 0 85 106 0 85 85 87 0 85
85 92 106 0 85 37 87 0 85 106 104 16 85 9 92 85 106 87 37 0
85 87 92 85 85 37 92 106 85 37 92 85 85 9 16 45 104 16 45 104
9 92 16 85 9 87 0 85 106 37 92 85 106 37 0 85 85 37 92 85
16 106 85 37 92 85 85 37 104 16 45 104 16 45 104 16 45 104 16 45
16 106 104 16 85 9 92 16 106 9 92 85 106 87 92 85 106 87 0 85
16 85 9 104 16 45 104 16 45 104 16 45 104 16 45 104 16 45 104 16
92 92 106 85 106 87 85 106 37 0 85 9 104 16 85 104 16 45 104 16
85 92 92 85 106 104 16 45 56 16 45 104 16 45 104 16 45 104 16 45
16 106 56 0 85 106 87 92 106 85 106 87 0 85 106 92 85 85 9 0
106 92 85 106 37 92 85 85 9 92 85 85 9 92 16 85 9 104 16 106
85 106 92 16 85 9 92 16 106 37 37 85 106 37 85 106 87 92 85 106
16 85 104 16 45 104 16 85 9 92 85 106 87 0 85 85 37 0 85 106
45 106 92 85 85 104 16 85 106 92 16 85 37 87 0 85 9 92 85 106
9 92 85 106 87 92 85 85 9 0 85 106 87 106 85 106 87 0 85 106
106 9 92 16 85 9 104 16 85 9 92 16 85 37 37 16 85 9 0 106
104 16 85 9 87 106 85 106 87 0 85 106 37 0 85 106 87 106 85 85
106 104 16 45 104 16 45 104 16 45 104 16 45 104 16 85 9 16 45 56
87 85 106 0 106 37 37 85 85 106 85 85 106 92 85 85 37 92 16 85
16 85 9 92 85 56 16 106 85 106 106 85 106 0 85 106 37 0 85 85
104 16 106 56 16 85 9 104 16 106 9 16 106 104 16 45 104 16 45 104
85 92 92 85 106 0 106 85 106 87 85 106 37 0 85 106 87 85 85 37
85 9 104 16 85 106 87 85 106 85 106 85 106 37 85 106 37 85 106 87
85 45 104 16 85 9 92 106 85 106 87 0 85 106 87 0 85 106 87 85
85 85 92 16 85 85 104 16 85 9 16 106 104 16 85 104 16 45 104 16
104 16 85 9 16 45 104 16 45 104 16 45 104 16 45 104 16 45 104 16
16 106 16 85 106 92 85 85 9 92 85 106 87 92 85 106 37 0 85 37
85 9 104 16 45 104 16 45 104 16 45 104 16 45 104 16 45 104 16 45
92 106 85 85 104 16 45 104 16 45 104 16 45 104 16 45 104 16 45 104
106 92 92 85 106 104 16 85 9 92 85 106 0 85 106 37 0 106 37 85
85 85 9 0 85 106 92 85 85 37 0 106 85 37 92 85 85 37 0 106
104 16 106 85 37 85 106 0 106 37 85 106 37 0 85 106 92 85 85 9
9 92 16 106 104 16 45 104 16 45 104 16 45 104 16 45 104 16 45 104
106 92 85 85 37 92 85 85 9 92 85 106 87 0 85 106 87 85 37 92
106 85 106 104 16 106 104 16 45 104 16 45 104 16 45 104 16 45 104 16
106 92 16 106 87 0 85 106 87 92 85 85 37 92 85 106 37 0 85 37
85 45 104 16 45 56 16 45 104 16 45 56 16 45 104 16 45 104 16 45
85 104 16 45 104 16 45 104 16 45 104 16 45 104 16 45 104 16 45 104
104 16 85 9 92 0 85 106 87 85 106 0 85 85 37 0 106 37 0 106
9 104 16 85 104 16 45 104 16 45 104 16 45 104 16 45 104 16 45 104
85 45 104 16 45 104 16 45 104 16 45 104 16 45 104 16 45 104 16 45
104 16 106 56 85 85 37 92 85 106 104 16 85 104 16 45 104 16 45 104
85 9 104 16 45 104 16 45 104 16 45 104 16 45 104 16 45 104 16 45
85 106 104 16 45 104 16 45 104 16 45 104 16 45 104 16 45 104 16 45
16 45 104 16 45 104 16 45 104 16 45 56 16 45 104 16 45 104 16 45
45 106 16 45 104 16 45 104 16 45 104 16 45 104 16 45 104 16 45 104
85 9 104 16 45 104 16 45 104 16 45 104 16 45 104 16 45 104 16 45
85 104 16 45 104 16 45 104 16 45 104 16 45 104 16 45 104 16 45 104
16 45 104 16 45 104 16 45 104 16 45 104 16 45 104 16 45 104 16 45
106 16 85 9 16 106 104 16 45 104 16 45 104 16 45 104 16 45 104 16
9 104 16 106 104 16 45 104 16 45 104 16 45 104 16 45 104 16 45 104
104 16 85 106 104 16 85 37 0 106 85 106 0 85 37 37 106 0 85 85
106 104 16 45 104 16 45 104 16 45 104 16 45 104 16 45 104 16 45 104
9 92 92 16 85 9 0 85 37 0 85 106 87 106 85 106 37 92 85 85
16 45 104 16 45 104 16 45 104 16 45 104 16 45 104 16 45 104 16 45
104 16 106 104 16 85 104 16 45 104 16 45 104 16 45 104 16 45 104 16
16 85 9 92 16 85 37 0 85 106 37 16 106 56 16 85 56 0 85 37
106 106 92 106 85 85 87 0 106 85 106 0 106 37 37 106 85 106 87 92
92 16 45 56 16 45 104 16 45 104 16 45 104 16 45 104 16 45 104 16
85 92 85 85 37 0 85 106 92 85 85 9 92 85 106 37 16 106 87 92
85 106 92 85 85 104 16 45 9 92 16 85 85 104 0 85 85 87 0 85
104 16 45 104 16 45 104 16 45 104 16 45 104 16 45 104 16 45 104 16
104 16 45 104 16 45 104 16 45 104 16 45 104 16 45 104 16 45 104 16
45 92 106 106 92 85 106 87 92 85 85 37 0 85 106 87 0 85 37 92
9 104 16 45 104 16 45 104 16 45 104 16 45 104 16 45 104 16 45 56
85 9 92 16 85 106 87 16 106 56 16 106 104 16 45 104 16 45 104 16
16 85 9 92 85 85 9 16 85 104 16 45 104 16 45 104 16 45 104 16
45 104 16 45 104 16 45 104 16 45 104 16 45 104 16 45 104 16 45 104
104 16 85 9 92 106 85 9 87 0 85 106 92 85 85 9 16 85 9 0
9 16 45 104 16 45 104 16 45 104 16 45 104 16 45 104 16 45 104 16
85 9 16 106 56 0 85 106 87 85 106 104 16 45 104 16 45 104 16 45
92 92 16 85 9 92 16 85 106 92 85 85 87 37 0 85 106 37 0 106
92 85 106 104 16 85 9 104 16 45 104 16 45 104 16 45 104 16 45 56
104 92 85 85 104 16 45 104 16 45 104 16 45 104 16 45 104 16 45 104
106 85 106 87 16 85 9 92 106 85 106 0 85 106 92 85 85 37 0 106
106 92 85 106 104 16 85 9 16 106 92 106 106 0 106 85 106 104 16 106
9 104 16 45 104 16 45 104 16 45 104 16 45 104 16 45 104 16 45 104
16 85 106 0 85 9 92 85 106 104 16 45 104 16 45 104 16 45 104 16
85 9 92 85 106 87 16 85 9 16 45 104 16 45 104 16 45 104 16 45
106 92 92 85 106 87 0 85 106 87 0 106 85 37 0 85 85 37 87 106
92 92 85 106 87 0 85 106 37 85 85 37 87 85 106 104 16 45 104 16
92 92 85 106 37 92 85 106 87 0 85 106 87 85 106 37 92 85 85 37
16 85 106 37 92 85 106 87 16 85 9 16 85 9 92 106 104 16 45 104
45 104 16 45 104 16 45 104 16 45 104 16 45 104 16 45 104 16 45 104
45 104 16 45 9 92 106 106 37 0 106 85 106 37 85 106 92 0 85 106
104 16 85 106 104 16 85 9 16 45 104 16 45 104 16 45 104 16 45 104
104 104 16 85 9 16 45 104 16 45 104 16 45 104 16 45 104 16 45 56
45 104 16 106 9 92 85 106 0 106 87 85 106 37 0 85 106 92 85 106
104 85 85 9 104 16 106 104 16 45 104 16 45 104 16 45 104 16 45 104
16 85 9 92 106 85 106 87 37 85 106 0 85 106 0 106 106 0 85 106
45 85 37 85 106 87 85 85 87 92 85 85 9 16 85 9 92 85 85 9
85 92 0 85 37 16 45 56 0 85 37 92 16 85 9 92 106 106 0 85
16 45 104 16 45 104 16 45 104 16 45 104 16 45 104 16 45 104 16 45
45 106 92 85 106 87 0 85 106 87 0 85 106 37 85 106 87 0 85 85
87 92 16 85 9 92 85 85 9 16 45 104 16 45 104 16 45 104 16 45
104 85 106 104 16 85 9 92 16 106 87 92 85 106 37 92 85 85 9 92
85 45 104 16 45 104 16 45 104 16 45 104 16 45 104 16 45 56 16 45
106 104 16 45 104 16 45 104 16 45 104 16 45 104 16 45 104 16 45 104
104 16 85 106 104 16 85 9 0 85 37 37 0 85 37 92 85 106 87 106
9 104 92 85 106 0 106 85 106 37 0 85 85 37 0 85 106 0 85 106
16 106 92 16 85 9 0 85 106 87 85 106 87 85 85 9 104 16 85 37
9 87 106 85 85 37 0 106 37 0 85 106 87 85 106 0 106 85 106 0
85 106 104 16 45 104 16 45 104 16 45 104 16 45 104 16 45 104 16 45
16 45 56 16 85 9 104 16 85 9 92 16 85 9 104 16 85 9 104 16
16 85 104 16 45 104 16 45 104 16 45 104 16 45 104 16 45 104 16 45
92 85 106 16 85 9 16 45 56 16 45 56 16 85 9 92 85 106 87 0
85 9 16 45 104 16 45 104 16 45 104 16 45 104 16 45 104 16 45 104
9 92 16 106 37 92 85 85 9 92 106 85 106 92 16 85 37 0 85 106
85 85 9 92 85 85 9 104 16 85 9 0 85 106 16 85 9 16 45 9
104 16 45 9 16 85 106 92 85 85 85 87 0 85 37 37 85 106 87 0
9 104 16 85 9 92 85 106 92 85 85 37 0 85 106 87 0 85 106 92
16 85 106 92 16 106 87 16 85 9 92 106 106 0 106 106 85 85 37 92
85 106 104 16 45 104 16 45 104 16 45 104 16 45 104 16 45 104 16 45
106 16 85 9 92 16 85 37 104 16 85 37 92 16 85 9 92 16 85 9
45 104 16 45 104 16 45 104 16 45 104 16 45 104 16 45 104 16 45 104
9 92 92 85 106 9 92 85 85 9 92 85 85 9 0 85 106 92 85 85
85 9 16 85 9 92 85 106 104 16 85 9 104 16 85 9 104 16 45 104
16 85 9 104 16 106 104 16 45 104 16 45 104 16 45 104 16 45 104 16
85 104 16 85 9 92 16 85 9 92 85 106 87 85 85 37 0 85 106 0
104 16 85 9 92 106 85 37 87 85 106 87 0 85 106 92 85 106 87 0
104 16 85 9 0 85 104 16 45 104 16 45 104 16 45 104 16 45 104 16
104 16 106 92 16 85 9 0 85 106 0 85 106 37 0 85 106 92 85 85
16 106 104 16 85 9 16 45 104 16 45 104 16 45 104 16 45 104 16 45
104 16 85 106 87 16 85 9 92 85 106 87 0 85 106 0 85 106 87 0
85 9 104 16 45 104 16 45 104 16 45 104 16 45 104 16 45 104 16 45
85 85 9 92 16 85 9 92 85 106 87 92 85 106 87 0 106 37 37 85
16 85 104 16 45 104 16 45 104 16 45 104 16 45 104 16 45 104 16 45
9 85 106 37 0 85 106 37 0 85 106 87 0 85 106 87 85 106 92 85
106 104 16 45 104 16 45 104 16 45 104 16 45 104 16 45 104 16 45 104
16 85 104 16 45 104 16 45 104 16 45 104 16 45 104 16 45 104 16 45
85 9 104 16 85 9 92 16 106 87 37 0 106 37 37 0 85 106 87 0
92 85 106 87 16 85 9 0 106 56 16 85 9 92 85 106 87 85 106 87
104 0 0 0 0 0 0 0 0 0 0 0 0 0 0 0 0 0 0 0
85 104 16 45 9 92 85 85 9 92 85 85 37 0 106 85 37 92 85 85
16 45 104 16 45 104 16 45 104 16 45 104 16 45 104 16 45 104 16 45
16 85 106 104 16 85 37 92 85 106 87 92 16 85 9 104 16 85 9 104
106 85 45 104 16 45 104 16 45 104 16 45 104 16 45 104 16 45 104 16
85 45 104 16 45 104 16 45 104 16 45 104 16 45 104 16 45 104 16 45
106 92 85 106 87 0 85 85 87 0 106 37 85 106 37 0 85 106 87 0
85 9 104 16 45 104 16 45 104 16 85 9 0 85 106 37 0 85 85 37
85 85 9 92 16 85 9 92 85 85 9 92 85 85 9 92 16 85 9 92
85 106 104 92 85 85 37 92 85 85 87 92 85 106 87 106 106 0 85 37
29 106 87 0 106 85 106 87 92 85 106 87 0 106 85 106 37 0 106 37
16 45 104 16 45 104 16 106 104 16 45 104 16 85 9 104 16 85 9 104
87 92 85 85 9 92 85 106 37 92 85 85 37 0 106 37 0 85 106 92
104 16 45 104 16 45 104 16 45 104 16 45 104 16 45 104 16 45 104 16
106 16 106 104 16 85 9 92 85 106 85 37 85 106 37 0 106 37 0 85
106 85 104 16 45 104 16 45 104 16 45 104 16 45 104 16 45 104 16 45
9 104 16 85 106 87 16 85 9 16 45 104 16 45 104 16 45 104 16 45
16 16 106 104 16 85 104 16 45 104 16 45 104 16 45 104 16 45 104 16
16 106 104 16 85 9 0 106 56 0 85 37 0 85 106 87 0 85 106 37
16 85 9 0 85 106 87 106 85 106 87 92 85 106 85 37 37 106 85 106
92 92 106 85 85 9 92 16 85 9 104 16 106 9 16 85 9 92 0 85
45 104 16 85 9 104 16 85 9 92 85 106 0 106 37 0 85 106 87 0
106 92 85 37 104 16 85 9 92 85 85 9 92 16 85 9 104 16 85 9
92 85 106 104 16 106 87 92 0 85 106 104 16 45 56 16 85 104 16 45
9 16 106 92 0 106 37 92 85 106 87 92 85 85 9 104 16 106 9 16
16 85 9 92 85 106 104 16 85 37 104 16 85 9 92 85 106 87 0 85
16 85 9 16 45 104 16 45 104 16 45 104 16 45 104 16 45 104 16 45
16 45 104 16 45 104 16 45 104 16 45 104 16 45 104 16 45 104 16 45
16 85 9 92 85 85 37 92 85 106 87 0 85 106 87 85 106 37 0 85
104 16 45 104 16 45 104 16 45 104 16 45 104 16 45 104 16 45 104 16
92 85 85 9 92 16 85 9 92 16 85 9 104 16 85 9 104 16 85 9
16 106 104 16 45 104 16 45 104 16 45 104 16 45 104 16 45 104 16 45
16 106 85 37 92 85 106 87 106 85 106 37 0 85 106 87 0 106 37 85
45 92 16 85 9 16 85 9 104 16 85 9 92 85 85 9 0 85 106 16
9 92 85 106 37 85 85 85 37 0 85 106 104 16 85 9 104 16 85 9
45 104 16 45 104 16 45 104 16 45 104 16 45 104 16 45 104 16 45 104
9 92 106 106 85 106 87 92 85 85 37 92 85 106 9 92 85 106 87 0
85 85 104 16 45 104 16 85 106 16 45 104 16 45 104 16 45 56 16 45
104 16 85 9 92 85 85 9 0 85 9 104 16 106 56 92 85 106 87 106
87 104 16 106 104 16 45 104 16 45 104 16 45 104 16 45 104 16 45 104
16 85 9 92 16 85 9 104 16 85 9 104 16 85 9 104 16 85 9 92
9 104 16 85 104 16 45 104 16 45 104 16 45 104 16 45 104 16 45 104
104 16 85 9 104 16 85 9 104 16 45 104 16 45 104 16 45 104 16 45
45 104 16 45 104 16 45 104 16 45 104 16 45 104 16 45 104 16 45 104
106 16 85 9 92 16 85 9 104 16 85 9 87 106 85 85 37 0 85 106
85 85 85 9 92 16 85 9 92 106 85 37 0 85 85 37 0 106 37 0
9 92 16 106 87 37 85 85 37 104 16 85 9 92 85 85 87 0 85 37
92 85 106 104 16 45 104 16 45 104 16 45 104 16 45 104 16 45 104 16
85 9 104 16 85 9 16 45 104 16 45 104 16 45 104 16 45 104 16 45
104 16 85 9 92 106 85 106 87 85 106 85 106 37 0 85 85 87 92 85
104 16 85 104 16 45 104 16 45 104 16 45 104 16 45 104 16 45 104 16
106 85 106 92 85 106 87 85 85 37 92 85 106 87 0 85 106 0 85 37
85 45 104 16 45 104 16 45 104 16 45 104 16 45 104 16 45 104 16 45
104 16 85 9 92 16 85 9 92 85 106 37 0 85 106 87 0 85 106 87
85 9 104 16 85 9 104 16 85 9 16 106 104 16 45 104 16 45 104 16
104 16 85 9 92 85 106 104 16 85 9 104 16 45 104 16 45 104 16 45
45 104 16 45 104 16 45 104 16 45 104 16 45 104 16 45 104 16 45 104
16 45 104 16 85 9 16 45 104 16 45 104 16 45 104 16 45 104 16 45
104 16 106 104 16 45 104 16 45 104 16 45 104 16 45 104 16 45 104 16
9 92 106 85 85 37 0 85 106 37 0 85 85 37 0 85 106 87 0 85
16 45 56 16 85 9 0 85 106 87 0 106 37 92 0 85 106 104 16 85
85 106 92 85 85 37 16 85 104 16 45 104 16 45 104 16 45 104 16 45
106 106 16 85 85 85 37 16 106 87 16 106 56 0 85 106 87 0 85 85
106 85 106 104 16 85 9 104 16 85 9 104 16 85 9 0 85 106 92 85
85 9 92 16 85 9 92 85 85 37 92 16 85 9 92 16 85 9 92 85
16 85 106 92 85 106 9 92 85 85 9 92 85 106 37 0 85 106 37 85
92 16 106 87 106 0 106 37 87 0 85 37 0 85 106 0 85 106 87 85
9 92 92 85 85 9 92 85 85 9 92 85 85 9 92 85 106 87 92 85
85 9 92 106 85 106 87 0 106 85 85 85 37 0 85 106 87 0 85 85
85 85 85 37 92 85 106 87 0 85 106 87 85 106 37 0 85 106 87 85
45 92 16 85 9 92 16 85 9 92 16 85 9 104 16 85 9 92 85 85
104 16 85 9 92 85 106 37 0 85 106 87 85 106 37 0 106 37 0 85
92 85 106 92 16 85 9 92 16 85 9 92 16 85 9 92 16 85 37 0
85 9 104 16 85 9 92 85 85 87 92 85 106 87 0 106 85 106 0 85
85 106 104 16 45 104 16 45 104 16 45 104 16 45 104 16 45 104 16 45
106 104 16 45 104 16 45 104 16 85 56 16 45 104 16 45 104 16 45 104
9 92 92 85 106 87 16 85 9 92 85 106 87 0 106 85 85 85 37 85
16 45 104 16 45 104 16 45 104 16 45 104 16 45 104 16 45 104 16 45
16 85 9 92 85 85 9 92 85 85 9 92 85 85 9 0 85 37 0 85
85 9 16 85 9 0 106 104 16 106 104 16 45 104 16 45 104 16 45 104
16 45 104 16 45 104 16 45 104 16 45 104 16 45 104 16 45 104 16 45
104 16 106 85 106 85 85 106 85 85 37 0 85 37 87 0 85 106 85 106
92 104 16 106 104 16 45 104 16 45 104 16 45 104 16 45 104 16 45 104
85 9 104 16 106 9 92 106 85 85 37 0 106 37 0 85 106 87 37 0
106 104 85 45 104 16 45 104 16 45 104 16 106 104 16 45 104 16 45 104
85 104 16 45 104 16 45 104 16 45 104 16 45 104 16 45 104 16 45 104
104 16 85 106 92 16 85 9 92 85 106 87 85 106 37 0 85 106 85 106
16 106 104 16 85 9 16 85 56 16 45 104 16 45 104 16 45 104 16 45
85 106 37 0 85 85 37 92 85 85 37 92 85 85 9 0 85 106 85 106
106 92 85 85 37 92 85 85 37 0 85 106 87 85 106 87 92 85 106 87
9 104 16 85 9 104 16 85 9 104 16 85 9 92 16 85 9 92 85 106
106 85 9 16 85 9 16 45 104 16 45 104 16 45 104 16 45 104 16 45
104 16 85 9 16 45 104 16 45 104 16 45 104 16 45 104 16 45 104 16
104 16 85 9 87 106 85 106 37 0 85 106 87 106 0 85 106 37 85 106
104 16 85 9 16 106 104 16 45 104 16 45 104 16 45 104 16 45 104 16
85 9 104 16 45 56 16 45 104 16 45 104 16 45 104 16 45 104 16 45
85 106 92 85 106 87 16 45 104 16 45 104 16 45 104 16 45 104 16 45
9 9 92 16 85 9 92 85 85 87 92 85 106 37 0 85 37 0 85 106
104 16 85 9 16 106 104 16 45 104 16 106 104 16 45 104 16 45 104 16
106 104 16 106 104 16 85 56 92 106 85 37 85 106 37 0 85 85 37 16
106 85 9 104 16 45 104 16 45 104 16 45 104 16 45 104 16 45 104 16
45 104 16 45 104 16 45 104 16 45 104 16 45 104 16 45 104 16 45 104
106 104 16 45 104 16 45 104 16 45 104 16 45 104 16 45 104 16 45 104
9 104 16 45 104 16 45 104 16 45 104 16 45 104 16 45 104 16 45 104
85 104 16 45 104 16 45 104 16 45 104 16 45 104 16 45 56 16 45 104
85 106 104 16 85 9 104 16 85 9 92 85 85 87 0 85 85 37 92 106
9 92 85 85 9 104 16 85 9 104 16 85 9 92 85 85 37 92 85 106
85 9 104 16 85 9 92 85 106 87 92 85 106 37 0 85 37 0 85 106
106 85 106 92 106 85 106 104 16 85 9 16 45 104 16 45 104 16 45 104
16 106 85 37 0 85 85 37 92 16 85 9 104 16 106 37 0 85 9 92
85 9 104 16 85 9 92 16 85 9 92 16 85 9 0 85 106 92 85 85
9 92 16 85 106 87 85 106 37 0 85 106 92 85 106 87 0 106 85 37
85 106 92 106 106 85 106 37 0 85 37 0 85 37 16 85 9 92 85 106
85 85 92 16 85 9 87 16 85 37 92 0 85 37 0 85 106 104 16 85
85 92 92 85 106 37 0 85 106 87 0 85 106 37 0 85 106 85 106 87
16 106 92 0 106 85 37 37 85 106 92 85 85 37 0 85 106 87 85 85
9 104 16 45 104 16 45 104 16 45 104 16 45 104 16 45 104 16 45 104
92 85 106 92 85 106 37 0 106 106 0 106 106 85 106 87 37 37 85 106
16 85 106 87 0 85 37 92 85 106 104 16 85 9 104 16 106 9 92 85
9 104 16 85 106 0 85 106 92 0 85 37 92 85 106 104 16 85 9 92
16 85 9 104 16 45 104 16 45 104 16 45 104 16 45 104 16 45 104 16
85 9 104 16 85 9 104 16 85 9 92 85 85 104 16 45 104 16 45 104
92 16 106 37 0 85 37 0 85 106 87 85 106 0 85 106 87 106 92 85
104 85 106 92 16 85 9 92 106 106 37 106 85 106 37 16 85 9 104 16
85 9 104 16 45 104 16 45 104 16 45 104 16 45 104 16 45 104 16 45
45 106 92 85 106 37 0 85 106 104 16 45 104 16 45 104 16 45 104 16
9 104 16 45 104 16 45 104 16 45 56 16 45 104 16 45 104 16 45 104
9 92 106 106 0 85 106 0 106 37 0 85 37 92 16 85 9 87 85 85
104 16 45 104 16 45 104 16 45 104 16 45 104 16 45 104 16 45 104 16
16 85 9 92 85 106 92 16 85 9 0 106 56 16 45 104 16 45 104 16
9 92 85 106 87 0 85 37 0 85 106 37 0 85 37 92 16 85 9 92
9 16 45 104 16 45 104 16 45 104 16 45 104 16 45 104 16 45 104 16
9 16 85 106 87 85 85 37 92 85 106 87 92 85 106 87 0 85 106 104
106 85 106 104 16 85 9 92 16 85 9 92 16 85 37 0 85 37 92 85
16 85 87 92 0 85 106 104 16 85 104 16 45 104 16 45 104 16 45 104
92 104 16 85 104 16 45 104 16 45 104 16 45 104 16 45 104 16 45 104
85 106 104 16 45 104 16 45 104 16 45 104 16 45 104 16 45 104 16 45
85 9 104 16 85 9 92 106 106 37 0 85 37 87 0 106 85 106 37 0
104 16 16 85 37 92 85 106 87 0 85 85 87 92 85 85 37 0 85 106
16 85 106 0 85 106 104 16 106 104 16 45 104 16 45 104 16 45 104 16
104 16 85 85 87 0 85 37 92 85 106 37 0 85 37 0 85 9 92 16
85 106 92 85 106 87 85 106 37 85 106 85 106 87 85 106 87 106 85 106
16 92 92 85 85 37 0 85 106 37 92 85 106 104 16 85 9 92 85 106
85 45 104 16 85 9 16 45 104 16 45 104 16 45 104 16 45 104 16 45
106 92 85 106 37 85 106 0 106 85 85 37 92 85 85 37 0 106 106 0
9 104 16 45 104 16 45 104 16 45 104 16 45 104 16 106 104 16 45 104
85 85 9 92 85 85 9 104 16 106 104 16 85 9 92 85 106 87 16 106
85 9 92 0 85 106 92 16 85 9 92 85 106 92 85 85 9 92 85 106
9 9 85 37 0 85 106 87 16 106 9 92 85 106 87 0 85 85 37 0
16 106 85 106 37 85 85 37 0 85 85 37 87 85 106 85 106 85 106 85
104 92 16 85 85 87 0 85 106 37 0 85 37 92 85 106 87 0 106 37
92 85 106 87 16 106 37 0 85 106 87 85 106 37 0 85 106 87 0 85
0 92 106 85 85 37 0 85 106 87 106 85 106 37 37 0 85 106 87 0
106 104 16 85 9 92 106 106 106 37 85 106 37 106 85 106 87 0 85 106
104 16 45 104 16 45 104 16 45 104 16 45 104 16 45 104 16 45 104 16
9 106 85 85 106 0 85 106 37 0 85 37 92 0 106 85 106 92 85 106
92 92 85 106 87 0 85 37 0 85 106 104 16 106 56 16 45 104 16 45
45 104 16 45 104 16 45 104 16 45 104 16 45 104 16 45 104 16 45 104
85 92 0 106 106 85 85 37 0 85 85 37 0 85 9 87 0 85 106 104
92 92 85 106 87 0 85 106 87 0 85 106 87 0 85 106 104 16 85 9
9 104 16 45 104 16 45 104 16 45 104 16 45 104 16 45 104 16 45 104
45 104 16 85 9 104 16 106 104 16 85 9 92 85 106 92 106 85 106 87
9 9 16 45 104 16 45 104 16 45 104 16 45 104 16 45 104 16 45 104
85 85 92 16 85 85 37 16 85 37 92 16 85 9 104 16 45 104 16 45
85 85 9 104 16 85 9 104 16 85 9 16 45 104 16 45 104 16 45 104
85 85 104 16 85 9 16 85 9 16 45 104 16 45 104 16 45 104 16 85
85 106 92 16 85 9 92 85 106 87 92 106 85 85 37 0 85 85 87 92
104 16 85 9 92 16 85 9 104 16 85 9 0 85 106 87 106 106 85 106
16 45 104 16 45 104 16 45 104 16 45 104 16 45 104 16 45 104 16 45
9 104 16 106 9 92 85 106 87 0 106 37 85 85 37 37 85 85 37 92
104 16 85 104 16 85 104 16 45 104 16 45 104 16 45 104 16 45 104 16
16 85 106 0 85 106 92 106 85 106 0 85 37 92 85 106 104 16 45 104
104 16 45 104 16 45 104 16 45 104 16 45 56 16 45 104 16 45 104 16
9 16 85 9 87 0 85 106 87 0 85 106 104 16 85 9 92 85 37 0
93 85 106 104 16 85 9 92 106 85 37 0 85 106 92 85 106 87 92 85
16 85 9 92 16 85 37 92 0 85 37 37 0 85 37 92 85 106 87 0
16 85 9 92 16 85 9 92 85 106 0 85 106 87 0 106 37 85 85 37
104 16 85 9 16 45 104 16 45 104 16 45 104 16 45 104 16 45 104 16
104 16 45 104 16 45 104 16 45 104 16 45 104 16 45 104 16 45 104 16
85 85 106 16 106 104 16 85 104 16 45 104 16 45 104 16 45 104 16 45
9 104 16 85 9 92 16 85 9 0 85 106 92 16 85 9 0 85 106 85
9 9 104 16 85 9 104 16 45 104 16 45 104 16 45 104 16 45 104 16
104 16 85 9 104 16 85 9 16 106 56 16 85 104 16 45 104 16 45 104
9 104 16 85 9 104 16 85 9 92 106 56 0 85 106 87 0 85 106 87
9 104 16 45 104 16 45 104 16 45 104 16 45 104 16 45 104 16 45 104
85 9 92 16 85 9 0 85 106 87 106 37 0 85 85 37 0 85 106 87
85 9 92 16 85 9 92 16 85 9 92 85 106 87 0 85 37 0 85 106
85 104 16 45 104 16 85 104 16 45 104 16 45 104 16 45 104 16 45 104
85 104 16 85 9 92 85 106 87 0 85 106 87 0 85 106 87 0 85 106
104 16 85 9 92 85 106 104 16 85 9 92 85 85 9 92 85 85 37 0
16 85 9 92 85 85 37 92 85 85 9 92 85 106 87 0 85 37 104 16
85 9 92 16 85 37 92 85 106 87 92 85 106 87 92 85 85 9 16 45
106 85 9 92 16 85 9 104 16 106 104 16 45 104 16 45 104 16 45 104
16 85 85 104 16 45 104 16 45 104 16 45 104 16 45 104 16 45 104 16
104 16 45 104 16 45 56 16 45 104 16 45 104 16 45 104 16 45 104 16
16 85 9 92 16 85 9 92 16 85 37 0 85 106 87 85 85 85 37 85
85 92 92 85 106 87 0 106 85 37 37 85 106 37 0 85 106 87 85 106
106 85 85 9 16 85 9 92 85 85 104 16 45 104 16 45 104 16 45 104
104 16 85 9 16 45 104 16 45 104 16 45 104 16 45 104 16 45 104 16
104 16 45 104 16 45 104 16 45 104 16 45 104 16 45 104 16 45 104 16
16 106 104 16 45 104 16 45 104 16 45 104 16 45 104 16 45 104 16 45
16 16 106 85 37 16 106 56 16 45 104 16 45 104 16 45 104 16 45 104
92 85 85 9 92 85 106 87 92 85 106 37 0 85 85 37 0 85 106 85
92 85 106 104 16 45 104 16 45 104 16 45 9 16 45 104 16 45 56 16
85 9 104 16 45 104 16 45 56 16 45 104 16 45 104 16 45 104 16 45
45 104 16 85 9 16 45 104 16 45 104 16 45 104 16 45 104 16 45 104
16 85 104 16 45 104 16 45 104 16 45 104 16 45 104 16 45 104 16 45
16 45 9 16 45 104 16 45 104 16 45 104 16 45 104 16 45 104 16 45
9 92 16 85 85 37 0 85 85 37 92 106 85 85 37 106 85 106 104 16
85 85 9 104 16 85 9 92 85 106 92 16 85 9 104 16 106 9 92 85
9 92 16 85 104 16 45 104 16 45 104 16 45 104 16 45 104 16 45 104
106 85 106 87 0 85 104 16 85 104 16 45 104 16 45 104 16 45 104 16
9 104 16 45 104 16 45 104 16 45 104 16 45 104 16 45 104 16 45 104
104 16 106 104 16 45 104 16 45 104 16 45 104 16 45 104 16 45 104 16
45 104 16 85 9 92 85 106 87 0 85 106 37 0 106 85 85 37 85 85
104 85 45 104 16 45 104 16 45 104 16 45 56 16 45 56 16 45 104 16
104 104 16 106 104 16 45 104 16 45 104 16 45 104 16 45 104 16 45 104
92 92 85 106 87 92 16 85 9 92 106 85 106 37 0 85 106 92 16 106
104 16 45 104 16 45 104 16 45 104 16 45 104 16 45 104 16 45 104 16
16 85 9 104 16 85 9 92 106 56 0 85 9 0 85 106 16 106 104 16
45 104 16 85 9 92 85 106 85 106 0 85 106 87 0 85 106 87 106 85
9 85 106 87 106 106 85 106 0 106 85 0 37 85 106 37 85 106 85 106
92 85 106 104 16 45 104 16 45 104 16 45 104 16 45 104 16 45 104 16
85 9 104 16 85 9 92 16 85 9 104 16 106 9 92 85 106 104 16 106
16 106 92 85 106 87 0 106 37 106 0 106 85 106 87 92 85 85 37 92
106 106 16 85 9 92 16 106 104 16 45 104 16 45 104 16 45 104 16 45
85 9 104 16 45 104 16 45 104 16 45 104 16 45 104 16 45 104 16 45
85 9 0 85 104 16 45 104 16 45 104 16 45 104 16 45 104 16 45 104
104 16 85 106 0 106 37 0 106 85 37 85 106 87 0 85 37 37 0 85
92 92 92 106 85 85 37 0 106 85 106 85 106 87 0 85 106 87 85 106
85 9 104 16 45 104 16 45 104 16 45 104 16 45 104 16 45 104 16 45
104 16 45 104 16 45 104 16 45 104 16 45 104 16 45 104 16 45 104 16
16 85 106 104 16 45 104 16 45 104 16 45 104 16 45 104 16 45 104 16
85 9 104 16 85 9 16 45 56 0 85 9 0 85 85 87 92 92 85 106
92 106 85 106 37 16 85 9 16 45 104 16 45 104 16 45 104 16 45 104
104 16 85 104 16 45 104 16 45 104 16 45 104 16 45 104 16 45 104 16
85 106 104 16 45 104 16 45 104 16 45 104 16 45 104 16 45 104 16 45
126 9 92 16 85 9 92 16 85 37 92 16 85 106 104 16 106 104 16 45
9 104 16 85 9 87 16 85 106 0 85 106 87 85 106 87 106 85 106 37
85 9 104 16 45 104 16 45 104 16 45 104 16 45 104 16 45 104 16 45
9 104 16 45 104 16 45 9 16 45 104 16 45 104 16 45 104 16 45 104
106 16 45 104 16 45 104 16 45 104 16 45 104 16 45 104 16 45 104 16
106 92 0 85 106 92 85 85 37 92 85 106 87 0 106 37 92 85 85 37
104 16 45 56 92 85 106 92 85 85 37 92 85 106 87 0 106 85 85 37
106 16 85 104 16 45 104 16 45 104 16 45 104 16 45 104 16 45 104 16
106 85 9 16 85 104 16 45 104 16 45 104 16 45 104 16 45 104 16 45
85 85 104 16 85 9 92 85 106 87 37 106 85 106 87 0 85 106 87 0
16 45 104 16 45 104 16 45 104 16 45 104 16 45 104 16 45 104 16 45
85 85 87 0 85 106 92 85 85 37 85 106 0 85 106 37 37 85 106 37
85 9 104 16 45 104 16 45 104 16 45 104 16 45 104 16 45 104 16 45
104 16 45 104 16 45 104 16 45 104 16 45 104 16 45 104 16 45 104 16
16 106 92 0 106 37 16 85 9 92 85 106 87 0 85 85 106 87 85 106
85 9 16 85 9 16 85 104 16 45 104 16 45 104 16 45 104 16 45 104
104 16 85 106 92 16 85 9 104 16 85 9 92 106 85 37 0 85 37 0
106 92 85 85 85 37 37 85 106 37 85 106 37 16 106 56 16 106 104 16
104 16 85 9 104 16 106 87 0 85 106 0 106 37 85 106 92 85 106 104
16 85 85 106 87 0 85 37 104 16 45 104 16 45 104 16 45 104 16 45
16 45 104 16 45 104 16 85 56 16 45 104 16 45 104 16 45 104 16 45
85 9 92 106 37 0 106 37 0 85 37 37 106 106 85 106 92 0 85 106
16 85 9 92 85 85 37 92 85 106 87 92 85 85 37 0 85 106 87 0
16 85 9 16 45 104 16 45 104 16 45 104 16 45 104 16 45 104 16 45
106 92 85 85 37 92 85 106 87 0 85 37 0 85 37 92 16 85 9 92
85 104 16 85 9 92 85 106 104 16 45 104 16 45 104 16 45 104 16 45
85 106 92 85 106 92 85 106 9 16 45 56 16 45 104 16 45 104 16 45
85 9 92 16 106 37 92 85 106 87 0 85 106 87 85 106 87 16 106 104
16 85 9 104 16 45 9 16 45 104 16 45 104 16 45 104 16 45 104 16
106 92 85 106 104 16 85 104 16 45 104 16 45 56 16 45 104 16 45 104
106 16 85 106 87 0 85 37 92 16 85 37 92 85 106 37 0 85 85 85
85 106 92 92 85 106 87 16 106 37 0 85 37 92 85 106 104 16 45 104
85 9 16 85 104 16 45 104 16 45 104 16 45 104 16 45 104 16 45 104
85 104 16 45 104 16 45 104 16 45 104 16 45 104 16 45 56 16 45 104
85 9 92 85 85 9 92 16 85 9 92 16 85 9 92 16 85 106 104 16
9 92 85 85 87 0 85 106 92 85 85 37 0 85 106 87 0 106 37 0
85 92 85 106 37 16 85 9 92 85 85 37 0 85 106 16 106 104 16 45
16 85 104 16 45 104 16 45 104 16 45 104 16 45 104 16 45 104 16 45
85 9 104 16 85 9 92 85 106 87 85 85 37 92 106 85 37 104 16 85
92 16 106 85 85 37 0 85 106 104 16 45 104 16 45 104 16 45 104 16
85 9 92 0 85 37 92 85 85 9 16 85 56 0 85 106 87 92 85 85
106 16 85 37 87 0 106 85 37 37 85 85 37 0 85 85 37 37 85 106
85 85 104 16 45 104 16 45 104 16 45 104 16 45 104 16 45 104 16 45
104 104 16 85 9 92 85 106 104 16 106 56 16 45 104 16 45 104 16 45
106 85 106 104 16 85 9 104 16 106 104 16 45 104 16 45 104 16 45 104
45 104 16 45 104 16 45 104 16 45 104 16 45 104 16 45 104 16 45 104
9 9 92 85 106 85 106 0 85 106 37 0 85 106 37 0 85 37 92 16
104 16 106 104 16 45 104 16 45 104 16 45 56 16 45 104 16 45 104 16
16 85 92 85 85 37 0 85 37 16 85 9 16 106 104 16 45 104 16 45
85 9 85 85 104 16 45 104 16 45 104 16 45 104 16 45 104 16 45 104
9 104 16 45 104 16 45 104 16 85 9 16 45 104 16 45 104 16 45 104
106 16 106 37 92 85 106 87 92 85 85 9 92 85 106 87 85 85 9 92
92 85 45 104 16 45 104 16 45 104 16 45 104 16 45 104 16 45 104 16
104 16 45 104 16 45 104 16 45 104 16 45 104 16 45 104 16 45 104 16
104 16 85 9 16 45 56 92 85 106 87 92 85 85 37 0 85 9 92 85
104 16 85 45 104 16 45 104 16 45 104 16 45 104 16 45 104 16 45 104
92 92 85 85 9 0 85 106 87 92 85 85 37 92 16 85 37 92 85 106
9 104 16 85 9 92 16 106 37 0 85 106 0 106 106 37 106 85 85 37
85 85 104 16 45 56 16 45 104 16 45 104 16 45 104 16 45 56 16 45
16 85 104 16 45 104 16 45 104 16 45 104 16 45 104 16 45 104 16 45
9 92 106 85 85 87 0 85 106 104 16 85 9 104 16 85 9 92 16 85
104 16 106 9 16 85 104 16 45 104 16 45 104 16 45 104 16 45 104 16
104 16 45 9 92 85 85 9 92 16 85 9 104 16 85 9 104 16 85 9
85 45 104 16 45 104 16 45 104 16 45 104 16 45 104 16 45 104 16 45
9 87 106 0 85 106 87 0 85 106 87 0 106 85 106 0 106 37 0 106
9 92 85 106 87 92 85 85 37 16 106 9 92 106 85 9 92 85 106 37
104 16 85 85 104 16 45 104 16 45 104 16 45 104 16 45 104 16 45 104
92 16 106 37 0 85 106 87 0 85 106 16 45 104 16 45 104 16 45 104
45 104 16 106 85 87 92 85 106 87 0 85 85 87 0 85 106 87 0 85
9 92 85 106 37 0 106 106 85 85 37 85 106 56 16 106 104 16 45 104
85 9 104 16 85 9 104 16 85 104 16 45 104 16 45 104 16 45 104 16
85 9 9 92 85 106 9 92 85 106 92 16 106 104 16 45 56 92 85 106
106 104 16 85 9 87 85 85 9 92 85 106 9 92 16 85 37 104 16 85
9 9 92 85 106 9 92 85 85 37 0 85 37 92 85 85 9 0 106 37
85 9 104 16 85 9 104 16 106 37 92 85 106 87 92 85 106 37 0 85
9 92 85 106 92 85 106 104 16 85 9 16 45 56 16 45 104 16 45 104
106 85 9 104 16 45 104 16 45 104 16 45 104 16 45 104 16 45 104 16
104 16 85 9 92 106 106 85 106 37 92 85 106 87 85 106 0 106 37 106
16 106 56 0 85 106 87 85 106 87 85 85 37 0 85 106 0 106 37 85
104 16 45 104 16 45 104 16 45 104 16 45 104 16 45 104 16 45 104 16
106 85 85 106 85 106 85 106 87 0 85 106 0 85 37 87 85 106 0 85
85 37 0 106 37 85 106 87 0 106 37 0 85 85 37 0 85 106 87 0
104 85 106 104 16 45 104 16 45 104 16 45 104 16 45 104 16 45 104 16
106 85 85 9 16 85 9 92 85 106 87 0 106 37 0 85 85 37 0 85
16 85 106 92 16 106 87 92 85 106 87 85 106 106 85 106 104 16 85 56
16 85 106 104 16 45 104 16 45 104 16 45 104 16 45 104 16 45 104 16
45 104 16 85 106 87 0 85 106 0 85 106 37 16 106 87 92 85 106 104
9 104 92 16 85 9 92 16 45 104 16 45 104 16 45 104 16 45 104 16
106 16 85 9 92 16 85 106 87 92 85 85 37 92 0 85 106 104 16 45
104 104 85 85 9 16 106 37 0 85 106 87 0 85 106 0 85 106 92 85
45 9 16 106 104 16 45 104 16 45 104 16 45 104 16 45 104 16 45 104
16 85 45 87 0 85 106 104 16 106 37 92 16 85 9 0 85 56 92 85
16 85 9 92 16 106 87 0 85 106 104 16 85 9 92 16 106 37 0 106
16 106 92 16 106 56 0 85 37 92 106 85 106 0 85 106 37 85 85 37
85 9 104 16 85 9 104 16 85 9 16 106 104 16 45 104 16 45 104 16
16 106 56 92 16 106 37 0 85 106 0 85 106 87 16 106 87 0 85 106
85 106 92 85 106 87 16 85 9 92 16 85 37 92 85 85 9 0 85 85
85 9 92 0 106 85 37 92 16 106 104 16 85 104 16 45 104 16 45 104
104 16 85 85 37 0 85 106 87 0 85 106 87 16 85 9 104 16 85 9
16 85 106 16 106 104 16 45 104 16 45 104 16 85 9 16 45 104 16 45
104 16 85 106 92 16 85 9 92 85 85 9 0 85 37 92 85 106 87 92
