93 63 92 24 103 85 106 18 111 126 104 16 85 126 104 16 85 126 104 16

85 126 104 16 85 126 104 16 85 126 104 16 85 126 104 16 85 126 104 16

85 126 104 16 85 126 92 37 29 5 101 92 101 93 16 85 73 92 16 85

73 92 16 106 56 55 103 106 85 18 111 73 92 16 85 73 92 16 85 73

92 16 85 73 92 16 85 73 92 16 106 56 66 92 59 92 16 85 73 92

16 85 101 101 92 93 16 106 56 106 73 92 9 118 92 16 106 9 37 27

85 106 15 0 85 37 22 85 106 87 0 85 85 18 138 22 85 106 87 0

85 37 27 85 106 15 0 85 37 22 85 106 87 0 85 37 27 85 106 15

0 85 37 22 85 106 87 0 106 16 106 36 92 8 106 16 106 9 92 16

85 101 92 16 85 9 104 16 85 9 104 16 85 9 104 16 85 9 104 16

85 101 92 16 85 9 104 16 85 9 104 16 85 9 104 16 106 32 134 134

92 93 16 85 101 92 16 85 9 104 16 85 9 104 16 85 9 104 16 30

9 92 93 16 85 101 92 16 85 9 104 16 85 9 104 16 85 9 104 16

85 9 104 16 106 56 6 92 60 92 96 10 92 16 85 101 101 92 93 16

106 9 92 16 85 9 104 16 85 9 104 16 85 9 104 16 85 101 92 93

92 85 85 63 9 104 16 106 9 92 16 85 9 104 16 30 77 138 63 9

9 83 106 93 85 101 41 16 85 9 104 16 85 9 104 16 85 9 104 16

85 9 104 16 85 101 92 16 85 101 92 16 106 9 92 16 85 9 104 16

106 56 55 92 117 92 97 92 54 50 50 18 111 9 104 16 85 101 92 16

85 9 104 16 85 9 104 16 85 9 104 16 85 9 104 16 85 101 92 16

85 9 104 16 85 9 104 16 30 37 29 85 106 87 0 123 37 27 85 106

15 0 85 37 22 119 106 85 83 106 87 0 85 41 106 9 92 16 85 101

92 16 85 9 9 104 93 16 85 9 104 16 85 9 104 16 85 9 104 16

85 9 9 104 93 16 85 9 104 16 85 9 104 16 85 9 104 16 85 9

104 16 85 9 104 16 85 9 104 16 85 9 9 104 93 16 106 114 92 101

103 92 87 92 74 92 16 85 9 104 16 85 9 104 16 85 9 104 16 85

9 104 16 85 9 104 16 85 9 104 16 85 9 104 16 85 9 104 16 85

9 104 16 85 9 104 16 85 9 104 16 85 9 104 16 85 9 104 16 85

9 9 104 93 16 85 9 104 16 85 9 104 16 85 9 104 16 85 9 104

16 85 9 9 104 93 16 30 9 92 93 16 106 56 106 118 92 24 92 33

92 101 92 118 16 85 9 104 16 45 9 104 93 16 45 104 16 45 104 16

45 104 16 45 104 16 106 56 16 106 56 16 45 104 16 45 104 16 106 56

16 45 104 16 45 104 16 45 104 16 106 56 16 45 104 16 45 104 16 131

56 93 16 106 56 16 45 104 16 106 56 106 73 92 52 92 114 92 126 92

33 86 92 16 45 104 16 45 104 16 45 104 16 45 104 16 45 104 16 131

56 93 16 45 104 16 45 104 16 106 56 16 45 104 16 45 104 16 45 104

16 45 9 104 93 16 45 104 16 45 104 16 45 104 16 45 104 16 45 104

16 106 56 16 45 104 16 106 56 55 92 103 85 118 104 92 125 1 92 16

45 104 16 45 104 16 45 104 16 45 104 16 45 104 16 131 56 93 16 45

104 16 45 104 16 45 104 16 45 104 16 45 104 16 45 104 16 45 104 16

45 9 104 93 16 45 104 16 45 104 16 45 104 16 45 104 16 45 104 16

45 104 16 106 56 106 101 103 92 79 92 129 92 16 45 104 16 131 56 93

16 45 104 16 45 104 16 45 104 16 45 104 16 45 104 16 45 104 16 45

93 63 9 104 16 45 104 16 45 104 16 45 104 16 45 104 16 45 104 16

131 56 93 16 45 104 16 106 56 16 106 56 106 72 92 126 92 91 92 8

49 92 16 45 9 104 93 16 45 104 16 45 104 16 106 56 16 45 9 104

93 16 45 104 16 45 9 104 93 16 45 104 16 45 104 16 131 37 29 85

106 87 92 2 85 123 123 85 126 126 104 93 92 106 93 3 29 85 106 87

0 123 37 29 85 106 87 0 123 37 29 85 106 87 0 123 37 29 85 106

87 0 123 92 16 85 126 104 16 85 126 104 16 85 126 104 16 85 126 104

16 85 126 104 16 85 126 104 16 85 126 104 16 85 126 104 16 85 126 126

104 93 16 106 56 106 73 92 105 92 16 85 126 92 37 29 5 101 92 16

85 73 73 18 111 73 92 16 106 9 103 51 104 16 85 73 92 16 85 73

92 16 85 73 92 16 85 73 92 16 85 73 92 16 106 24 92 103 1 78

104 16 85 101 92 16 106 56 106 73 92 128 87 92 16 30 37 27 85 106

15 0 85 37 22 85 106 87 0 85 37 22 85 106 87 0 106 85 139 138

27 85 106 15 0 85 37 22 85 106 87 0 85 37 27 85 106 15 0 85

37 22 85 106 87 0 106 16 85 9 104 16 106 74 74 104 16 85 9 9

104 93 16 106 9 92 16 85 101 92 138 0 115 9 104 16 85 9 104 16

85 9 104 16 85 9 104 16 85 9 104 16 85 101 92 16 85 9 104 16

85 9 104 16 85 101 92 16 30 37 29 85 106 87 92 2 85 123 41 30

37 27 85 106 15 0 85 37 22 85 106 87 0 106 16 85 9 104 16 30

18 119 106 75 115 92 9 41 85 101 92 16 85 9 104 16 85 9 104 16

85 9 104 16 106 9 103 1 92 103 126 104 92 16 85 9 104 16 85 101

92 16 85 9 104 16 85 9 9 104 93 16 85 9 104 16 85 9 9 104

93 16 85 101 92 16 85 9 104 16 85 9 104 16 85 9 104 16 30 16

85 101 92 16 85 9 104 16 85 9 104 16 85 9 104 16 45 104 16 85

101 92 16 45 104 16 45 104 16 45 104 16 45 104 16 85 101 92 16 45

104 16 45 104 16 45 104 16 106 128 103 92 42 92 80 92 16 131 56 93

16 85 101 92 16 45 104 16 45 9 104 93 16 45 104 16 45 104 16 85

101 92 16 45 104 16 45 104 16 45 104 16 45 104 16 85 101 92 16 45

104 16 45 104 16 45 104 16 45 104 16 85 101 92 16 45 104 16 45 104

16 45 104 16 45 104 16 45 104 16 45 104 16 45 104 16 106 56 55 103

92 130 42 42 104 93 16 45 104 16 45 104 16 45 104 16 45 9 104 93

16 45 104 16 45 104 16 45 104 16 45 104 16 45 104 16 45 104 16 45

104 16 45 104 16 45 104 16 45 104 16 45 9 104 93 16 45 9 104 93

16 45 104 16 45 104 16 45 104 16 45 104 16 106 56 55 103 92 118 103

85 106 104 92 93 88 9 104 16 45 104 16 45 9 104 93 16 45 104 16

45 104 16 45 104 16 45 104 16 45 9 104 93 16 45 104 16 45 104 16

45 104 16 45 104 16 45 104 16 45 104 16 45 104 16 45 104 16 45 104

16 45 104 16 45 9 104 93 16 45 104 16 106 56 55 103 92 80 91 91

93 63 92 9 103 50 50 104 92 93 88 92 56 55 92 53 126 126 18 111

92 114 1 103 1 92 18 111 126 104 16 85 126 104 16 85 126 126 104 93

16 85 126 104 16 85 126 104 16 85 126 92 126 92 93 16 85 126 126 104

93 16 85 126 104 16 85 126 104 16 85 126 92 37 29 5 101 92 16 85

73 92 16 85 73 92 16 106 56 66 59 104 16 85 73 92 16 85 73 92

16 85 73 92 16 85 73 92 16 85 73 92 16 106 56 66 59 104 16 85

73 73 92 93 16 85 73 92 16 85 101 101 92 93 16 106 56 106 51 92

101 92 114 1 1 92 93 16 30 37 27 85 106 15 0 85 37 22 85 106

87 0 85 106 92 93 64 22 85 106 87 0 85 37 27 85 106 15 0 85

37 22 85 106 87 0 85 37 27 85 106 15 0 85 37 22 85 106 87 0

85 85 18 111 9 104 16 106 124 92 8 87 92 16 85 101 92 16 30 16

85 9 104 16 85 9 104 16 106 9 106 16 85 101 92 16 85 9 104 16

85 9 104 16 85 9 9 104 93 16 30 77 2 92 85 101 83 106 85 9

41 92 16 85 9 104 16 85 9 104 16 30 9 92 93 16 106 9 92 16

85 101 92 16 85 9 104 16 85 9 104 16 85 9 104 16 106 56 55 92

103 106 92 91 118 118 92 93 16 106 9 92 16 85 101 92 16 85 9 104

16 85 9 104 16 85 101 92 16 85 101 92 16 106 9 106 16 85 9 104

16 85 9 104 16 85 9 104 16 85 101 92 16 30 9 92 93 16 85 9

9 104 93 16 85 9 9 104 93 16 85 9 104 16 85 101 92 16 106 9

37 29 85 106 87 0 123 37 27 85 106 15 0 85 37 22 85 106 87 0

106 16 106 9 92 16 85 9 104 16 85 9 104 16 106 56 73 92 17 92

14 92 81 1 77 138 75 115 101 92 30 41 16 85 9 9 104 93 16 85

9 104 16 85 9 104 16 85 9 104 16 85 101 92 16 85 9 104 16 85

9 104 16 85 9 104 16 85 9 104 16 85 9 104 16 85 9 104 16 30

9 92 93 16 30 9 92 93 16 85 9 104 16 30 9 92 93 16 85 9

9 104 93 16 85 9 104 16 85 9 104 16 85 9 104 16 85 9 104 16

106 56 55 103 92 134 104 98 51 92 16 85 9 104 16 85 9 104 16 85

9 104 16 85 9 104 16 85 9 104 16 85 9 104 16 45 104 16 45 104

16 45 104 16 45 104 16 45 104 16 45 9 104 93 16 45 9 104 93 16

45 104 16 45 104 16 45 104 16 106 56 16 45 104 16 45 104 16 106 56

16 106 56 110 103 92 110 134 104 92 129 16 45 104 16 45 104 16 45 104

16 45 104 16 45 104 16 45 104 16 45 104 16 45 104 16 45 104 16 45

104 16 131 56 93 16 45 104 16 45 9 104 93 16 45 104 16 45 104 16

106 56 16 45 104 16 45 104 16 106 56 16 45 104 16 106 56 106 73 92

103 85 106 92 8 93 32 32 92 93 16 45 104 16 45 104 16 45 104 16

45 9 104 93 16 45 104 16 45 104 16 45 104 16 45 104 16 45 104 16

45 104 16 45 104 16 45 104 16 45 104 16 45 104 16 45 104 16 45 104

16 45 104 16 45 104 16 45 104 16 45 104 16 106 56 55 92 103 106 103

92 87 92 16 45 104 16 45 104 16 45 104 16 45 104 16 45 104 16 45

104 16 45 9 104 93 16 131 56 93 16 45 104 16 45 9 104 93 16 45

104 16 45 104 16 45 104 16 45 104 16 45 104 16 45 104 16 45 104 16

45 104 16 45 104 16 45 104 16 106 56 126 103 92 118 51 101 104 92 16

93 63 92 9 103 50 50 104 92 93 88 92 56 110 92 10 66 92 16 106

24 103 85 106 18 111 126 126 104 92 93 88 126 126 104 93 16 85 126 104

16 85 126 104 16 85 126 104 16 85 126 104 16 85 126 104 16 85 126 104

16 85 126 104 16 85 126 104 16 85 126 104 16 85 126 104 16 85 126 92

37 29 5 101 92 16 85 73 92 16 106 56 106 73 92 126 118 92 16 85

73 92 16 85 73 92 16 85 73 92 16 85 73 92 16 85 73 92 16 106

56 106 73 92 114 66 92 16 85 73 92 16 85 101 92 16 106 56 73 92

59 92 16 106 9 37 27 85 106 15 0 85 37 22 85 106 87 0 85 37

22 85 106 87 0 85 37 27 85 106 15 0 85 37 22 85 106 87 0 85

106 92 93 64 27 85 106 15 0 85 37 22 85 106 87 0 106 16 106 9

92 16 106 53 92 136 110 92 16 85 101 92 16 85 9 9 104 93 16 85

9 104 16 106 9 92 16 85 9 104 16 85 101 92 16 85 9 104 16 85

9 104 16 85 9 104 16 85 9 104 16 85 101 92 16 85 9 104 16 85

9 104 16 85 9 104 16 85 9 104 16 85 101 92 16 85 9 104 16 85

9 104 16 85 9 104 16 85 9 104 16 106 56 106 110 92 137 92 10 92

65 92 126 92 101 50 92 16 106 101 16 85 101 92 16 106 9 92 16 30

9 92 93 16 85 9 104 16 85 9 104 16 85 101 92 16 30 37 29 85

106 87 0 123 37 27 85 106 15 0 85 37 22 85 106 87 92 2 85 85

41 106 9 92 16 85 9 104 16 85 9 104 16 85 101 101 92 93 16 85

9 104 16 106 9 92 16 85 9 104 16 85 9 104 16 85 101 92 16 85

9 104 16 85 9 104 16 85 9 104 16 106 56 6 92 117 92 91 92 126

92 126 66 66 18 111 101 92 16 85 9 104 16 85 9 104 16 85 9 104

16 85 9 104 16 85 101 92 16 85 9 104 16 85 9 104 16 85 9 104

16 85 9 104 16 85 101 92 16 30 16 85 9 104 16 106 56 16 45 104

16 85 101 92 16 106 56 16 45 104 16 45 104 16 45 104 16 45 104 16

45 104 16 45 104 16 45 104 16 106 56 106 110 92 52 92 74 103 25 110

104 16 45 104 16 45 104 16 45 104 16 45 104 16 45 104 16 131 56 93

16 45 104 16 45 104 16 45 9 104 93 16 131 56 93 16 45 104 16 45

104 16 45 104 16 45 104 16 45 104 16 45 104 16 45 104 16 45 104 16

45 104 16 45 104 16 106 56 106 101 92 125 92 114 92 80 16 45 104 16

45 104 16 45 104 16 45 104 16 45 104 16 45 104 16 45 9 104 93 16

45 104 16 45 104 16 45 104 16 45 104 16 45 104 16 106 56 16 45 104

16 45 104 16 45 104 16 45 104 16 45 104 16 45 104 16 45 104 16 106

56 55 92 17 92 33 92 80 49 92 16 45 104 16 45 104 16 45 104 16

45 104 16 45 104 16 45 104 16 45 104 16 45 104 16 106 56 16 45 104

16 45 104 16 45 104 16 45 104 16 106 56 16 45 104 16 106 56 16 106

56 16 106 56 16 45 104 16 45 104 16 106 56 55 92 103 106 92 19 118

92 16 45 104 16 45 104 16 45 104 16 106 56 16 45 104 16 45 9 104

93 63 92 9 103 50 50 104 92 93 88 92 56 55 92 52 10 104 16 85

126 126 104 93 16 85 126 104 16 85 126 104 16 85 126 104 16 85 126 104

16 85 126 104 16 85 126 104 16 106 56 52 62 104 16 85 126 126 104 93

16 85 126 104 16 85 126 104 16 85 126 92 37 29 5 101 92 16 85 73

92 16 85 73 92 16 85 73 92 16 85 73 92 16 106 56 55 92 110 92

114 55 92 16 85 73 92 16 85 73 92 16 85 73 92 16 85 73 73 92

93 11 2 92 85 116 101 101 92 93 0 106 56 106 66 92 72 92 60 101

92 16 106 56 66 92 128 101 92 16 30 37 27 85 106 15 0 85 37 22

85 106 87 0 85 37 22 85 106 87 0 85 37 27 85 106 15 0 85 37

22 85 106 87 0 85 85 18 138 27 85 106 15 0 85 37 22 85 106 87

0 106 16 106 74 92 9 134 92 16 106 9 92 16 85 101 92 16 85 9

104 16 85 9 104 16 85 9 104 16 106 9 77 111 76 0 126 50 41 85

101 92 16 85 9 104 16 106 9 92 16 85 9 104 16 85 9 104 138 85

63 101 92 16 85 9 104 16 85 9 104 16 106 9 92 16 85 9 104 16

85 101 92 16 85 9 104 16 106 9 92 16 85 9 9 104 93 16 106 56

106 73 92 126 92 124 92 117 92 118 101 92 16 106 101 16 85 101 92 16

106 9 92 16 106 9 92 16 85 9 104 16 85 9 104 16 85 101 92 16

30 37 29 85 106 87 0 123 37 27 85 106 15 0 85 37 22 85 106 87

92 2 85 85 41 106 9 92 16 85 9 9 104 93 16 85 9 104 16 85

101 92 16 85 9 104 16 106 9 92 16 85 9 104 16 85 9 104 16 85

101 92 16 85 9 104 16 85 9 104 16 85 9 104 16 85 9 104 16 106

56 66 92 118 92 91 92 19 6 6 104 93 88 101 92 16 85 9 104 16

85 9 104 16 85 9 104 16 85 9 9 104 93 16 85 101 92 16 85 9

104 16 85 9 104 16 85 9 104 16 85 9 104 16 85 101 92 16 106 9

92 16 45 104 16 45 104 16 45 9 104 93 16 45 104 16 45 104 16 45

104 16 45 104 16 45 104 16 45 9 104 93 16 45 104 16 45 104 16 106

56 55 92 57 92 80 92 32 117 92 16 45 104 16 45 104 16 45 104 16

45 104 16 45 104 16 45 104 16 45 104 16 45 104 16 45 104 16 45 104

16 45 104 16 45 104 16 45 104 16 45 104 16 106 56 16 45 104 16 45

104 16 106 56 16 45 104 16 45 104 16 106 56 7 92 52 92 114 92 54

92 80 66 92 16 45 104 16 45 104 16 45 104 16 45 104 16 45 104 16

45 104 16 45 104 16 45 104 16 45 104 16 45 104 16 45 104 16 45 104

16 45 104 16 45 104 16 45 104 16 45 104 16 45 9 104 93 16 45 9

104 93 16 45 104 16 45 104 16 106 56 47 103 92 87 92 103 1 104 16

45 104 16 45 104 16 45 104 16 45 104 16 45 104 16 45 104 16 45 104

16 45 104 16 45 104 16 45 104 16 131 56 93 16 45 104 16 106 56 16

45 104 16 45 104 16 45 104 16 45 104 16 106 56 16 45 104 16 45 104

16 106 56 106 101 92 10 92 60 92 80 66 66 18 111 9 104 16 45 104

93 63 92 9 103 50 50 92 18 111 92 56 73 92 125 92 16 85 126 126

104 93 16 85 126 104 16 85 126 104 16 85 126 126 104 93 16 85 126 104

16 85 126 104 16 85 126 104 16 106 56 55 103 106 92 16 85 126 104 16

85 126 104 16 85 126 104 16 85 126 104 16 85 126 104 16 85 126 104 16

85 126 92 37 29 5 101 92 16 85 73 92 16 85 73 92 16 85 73 92

16 106 56 87 91 104 16 85 73 92 16 85 73 92 16 85 73 92 16 85

73 92 16 85 73 73 92 93 16 106 56 55 103 106 92 16 85 73 92 16

85 101 92 16 106 9 0 103 92 87 92 16 30 37 27 85 106 15 0 85

37 22 85 106 87 0 85 37 22 85 106 87 0 85 37 27 85 106 15 0

85 37 22 85 106 87 0 85 37 27 85 106 15 0 85 37 22 85 106 87

0 85 138 41 115 9 92 9 92 93 16 106 74 92 74 92 16 85 101 92

16 85 9 104 16 85 9 104 16 85 9 104 16 85 9 104 16 85 9 104

16 85 101 92 16 85 9 104 16 85 9 104 16 106 9 92 16 85 9 104

16 85 101 92 16 30 9 92 93 16 85 9 104 16 85 9 104 16 85 9

104 16 85 101 101 92 93 16 85 9 104 16 106 103 85 114 104 92 126 92

126 15 92 16 85 101 101 92 93 16 106 9 92 16 85 9 104 16 85 9

104 16 85 9 104 16 85 101 101 92 93 16 85 9 104 16 106 9 37 29

85 106 87 0 123 37 27 85 106 15 0 85 37 22 85 106 87 0 106 16

85 9 104 16 85 9 104 16 85 101 92 16 85 9 104 16 85 9 104 16

85 9 104 16 30 77 138 63 101 116 101 92 85 93 9 92 106 92 16 85

9 104 16 85 9 9 104 93 16 85 9 104 16 85 9 104 16 85 101 92

16 85 9 104 16 85 9 104 16 85 9 104 16 106 56 106 126 103 92 101

92 56 16 85 9 104 16 85 101 92 16 85 9 104 16 106 56 16 45 104

16 45 104 16 85 101 101 92 93 16 106 56 16 106 56 16 45 104 16 45

104 16 45 104 16 45 104 16 45 104 16 45 104 16 45 104 16 45 104 16

45 104 16 106 56 106 103 6 101 104 92 10 87 92 16 106 74 103 103 101

93 63 92 56 106 66 92 56 94 92 91 16 106 56 106 103 1 104 107 124

92 16 85 9 104 16 85 9 104 16 85 9 9 104 93 16 85 9 104 16

85 9 104 16 85 9 104 16 106 9 92 16 85 9 9 104 93 16 106 56

55 103 134 92 103 87 104 16 85 9 104 16 30 37 29 85 106 87 92 123

85 123 92 93 3 29 85 106 87 92 2 85 123 85 126 123 92 93 41 3

29 85 106 87 0 123 37 29 85 106 87 0 123 37 29 85 106 87 0 123

92 16 85 126 104 16 85 126 104 16 85 126 104 16 85 126 104 16 85 126

104 16 85 126 104 16 85 126 104 16 85 126 104 16 85 126 104 16 85 126

104 16 85 126 126 104 92 93 88 126 104 16 106 56 103 39 66 92 37 29

5 101 92 16 85 73 92 16 85 73 92 16 85 73 92 16 85 73 92 16

85 73 92 16 106 56 114 80 92 16 85 73 92 16 85 73 92 16 85 73

92 16 85 73 92 16 85 73 73 92 93 16 106 135 103 92 66 50 104 50

139 111 101 92 16 106 56 87 103 46 104 46 139 111 9 92 37 27 85 106

15 0 85 37 22 85 106 87 0 85 37 22 85 106 87 0 85 37 27 85

106 15 0 85 37 22 85 106 87 0 85 37 27 85 106 15 0 85 37 22

85 106 87 92 2 85 85 41 85 9 104 16 106 125 80 92 16 85 9 9

104 93 16 85 9 104 16 85 101 101 92 93 16 30 16 85 9 104 16 85

9 104 16 85 9 104 16 85 101 92 16 85 9 9 104 93 16 85 9 104

16 106 9 92 16 85 9 104 16 85 9 104 16 85 101 92 16 85 9 104

16 85 9 104 16 85 9 9 104 93 16 85 9 104 16 85 101 92 16 85

9 104 16 85 9 104 16 106 9 0 103 10 104 92 8 50 92 16 85 101

92 16 85 9 104 16 85 9 104 16 30 37 29 85 106 87 0 123 37 27

85 106 15 0 85 37 22 85 106 87 0 106 16 85 9 104 16 85 101 92

16 85 9 104 16 85 9 104 16 85 9 104 16 85 9 104 16 85 101 92

16 85 9 104 16 85 9 104 16 85 9 104 16 85 9 104 16 85 101 92

16 85 9 104 16 45 104 16 45 104 16 131 77 2 92 45 116 41 85 101

92 16 45 104 16 45 104 16 45 9 104 93 16 106 56 73 103 92 137 92

103 134 104 16 45 104 16 85 101 92 16 45 104 16 45 104 16 45 104 16

106 87 0 101 101 92 93 16 45 9 104 93 16 45 104 16 45 104 16 45

104 16 45 104 16 45 104 16 45 104 16 45 104 16 45 104 16 45 104 16

45 104 16 45 104 16 45 104 16 106 56 134 92 103 106 92 91 80 92 16

45 104 16 45 104 16 131 56 93 16 45 104 16 45 104 16 45 104 16 45

104 16 45 104 16 45 104 16 45 104 16 45 104 16 45 104 16 45 104 16

45 9 104 93 16 45 9 104 93 16 45 104 16 45 104 16 45 104 16 45

104 16 45 104 16 106 56 73 103 103 92 51 92 16 45 9 104 93 16 45

104 16 45 104 16 45 104 16 45 104 16 45 104 16 45 104 16 45 104 16

45 104 16 45 104 16 45 104 16 45 104 16 45 104 16 45 104 16 45 104

16 45 104 16 45 104 16 45 104 16 45 104 16 45 9 104 93 16 106 56

1 103 92 72 92 103 87 92 87 92 93 16 45 9 104 93 16 45 104 16

45 104 16 45 104 16 45 104 16 45 104 16 45 104 16 45 104 16 45 104

93 63 92 9 103 51 51 92 18 111 92 56 103 85 51 51 92 18 111 126

104 16 85 126 104 16 85 126 92 37 29 5 101 92 16 85 73 92 16 106

56 126 17 104 16 85 73 92 16 85 73 92 16 85 73 92 16 85 73 92

16 85 73 92 16 106 56 87 97 104 16 85 73 92 73 93 16 85 73 92

16 85 73 73 92 93 16 85 101 92 16 106 56 6 92 110 92 103 85 6

104 16 30 37 27 85 106 15 0 85 37 22 85 106 87 0 85 37 22 85

106 87 0 85 106 92 93 64 27 85 106 15 0 85 37 22 85 106 87 0

85 37 27 85 106 15 0 85 37 22 85 106 87 0 106 85 139 111 9 104

16 106 12 92 114 16 85 101 92 16 85 9 104 16 106 9 92 16 85 9

104 16 30 16 85 9 104 138 0 115 101 92 16 85 9 104 16 85 9 104

16 85 9 104 16 85 9 104 16 85 101 92 16 85 9 104 16 106 9 92

16 85 101 92 16 30 37 29 85 106 87 0 123 123 18 138 27 85 106 15

0 106 16 106 9 37 22 85 106 87 0 106 16 30 9 92 93 16 30 16

106 9 103 92 94 9 104 16 85 101 92 16 85 9 104 16 85 9 104 16

85 9 104 16 85 9 104 16 85 101 92 16 106 9 92 16 85 9 104 16

85 9 104 16 45 104 16 85 101 101 92 93 16 45 104 16 45 104 16 45

104 16 45 104 16 85 101 92 16 45 104 16 45 104 16 45 104 16 45 104

16 85 101 92 16 45 9 104 93 16 45 104 16 45 104 16 45 104 16 106

56 103 1 103 126 104 92 16 85 101 92 93 92 85 85 63 9 104 16 45

104 16 45 104 16 45 104 16 45 93 92 106 63 101 92 106 16 45 104 16

45 104 16 45 9 104 93 16 45 104 16 106 56 16 45 104 16 45 104 16

45 104 16 45 104 16 45 9 104 93 16 45 9 104 93 16 45 104 16 45

104 16 45 104 16 45 104 16 106 56 55 103 92 114 13 104 16 45 104 16

45 104 16 45 104 16 45 104 16 45 104 16 45 104 16 45 104 16 45 104

16 45 104 16 45 104 16 45 104 16 45 104 16 45 104 16 45 104 16 45

104 16 45 104 16 45 104 16 45 104 16 45 104 16 45 104 16 106 56 55

103 38 92 103 101 104 92 16 131 56 93 16 45 104 16 45 104 16 45 104

16 45 104 16 45 104 16 45 104 16 45 104 16 45 104 16 45 104 16 45

104 16 45 104 16 45 104 16 45 9 104 93 16 45 104 16 45 104 16 45

104 16 45 104 16 45 104 16 45 104 16 106 56 73 103 92 19 101 92 101

111 92 56 106 110 92 129 55 55 92 93 16 106 56 106 87 92 4 66 92

16 85 126 126 92 18 111 126 104 16 85 126 104 16 106 56 73 108 92 37

29 5 101 92 16 85 73 92 16 85 73 92 16 85 73 73 92 93 16 85

73 92 16 106 56 87 109 104 16 85 73 92 16 85 73 92 16 85 73 92

16 85 101 101 92 93 16 106 24 103 52 104 16 30 37 27 85 106 15 0

85 37 22 85 106 87 0 85 37 22 85 106 87 0 85 37 27 85 106 15

0 85 37 22 85 106 87 0 85 37 27 85 106 15 0 85 37 22 85 106

87 0 106 16 106 9 92 16 106 114 24 104 16 85 101 92 16 85 9 9

104 93 16 106 9 92 16 85 9 104 16 85 9 104 16 85 101 92 16 85

9 104 16 85 9 104 16 85 9 104 16 85 9 104 16 85 101 92 16 85

9 104 16 85 9 104 16 85 101 92 16 30 37 29 85 106 87 0 123 37

27 85 106 15 0 85 37 22 85 106 87 0 106 16 85 9 104 16 85 9

9 104 93 16 85 9 104 16 106 56 55 92 126 103 92 124 49 104 16 85

101 92 16 85 9 104 16 85 9 104 16 85 9 104 16 85 9 9 104 93

16 85 9 104 16 85 101 92 16 85 9 104 16 85 9 104 16 85 9 104

16 85 9 104 16 85 101 92 16 85 9 104 16 45 104 16 45 104 16 45

104 16 85 101 92 16 45 104 16 45 104 16 45 9 104 93 16 45 104 16

85 101 92 16 45 104 16 45 104 16 45 104 16 106 56 128 103 92 74 7

104 16 106 56 16 85 101 92 16 45 104 16 45 104 16 45 104 16 45 104

16 85 101 101 92 93 16 45 104 16 45 104 16 45 104 16 45 104 16 85

101 92 16 45 104 16 45 104 16 45 104 16 45 104 16 85 101 92 16 45

104 16 45 104 16 131 56 93 16 45 104 16 45 104 16 45 104 16 45 104

16 106 56 73 103 103 92 52 92 16 45 104 16 45 104 16 45 104 16 45

104 16 45 104 16 45 104 16 45 104 16 45 104 16 45 104 16 45 104 16

131 56 93 16 45 104 16 45 104 16 45 104 16 45 104 16 45 104 16 45

104 16 45 9 104 93 16 45 104 16 45 104 16 106 56 129 103 132 104 16

106 56 16 45 104 16 45 104 16 45 104 16 45 104 16 45 104 16 45 104

16 45 104 16 45 104 16 45 104 16 45 104 16 45 104 16 45 104 16 106

56 16 45 104 16 45 9 104 93 16 45 104 16 45 104 16 45 104 16 45

104 16 106 56 55 103 92 135 10 104 16 106 56 16 45 9 104 93 16 131

93 63 92 56 106 55 103 92 134 92 16 106 56 106 73 92 99 92 16 85

126 126 104 92 93 88 126 126 104 93 16 106 9 103 51 51 104 93 3 29

5 101 92 16 85 73 73 92 93 16 85 73 92 16 85 73 92 16 85 73

92 16 85 73 92 16 106 56 110 103 123 104 16 85 73 92 16 85 101 92

16 106 56 55 92 91 118 92 16 85 9 9 104 93 3 27 85 106 15 0

85 37 22 85 106 87 0 85 85 18 138 22 85 106 87 0 85 37 27 85

106 15 0 85 37 22 85 106 87 0 85 37 27 85 106 15 0 85 18 119

106 63 22 106 9 41 106 87 0 106 16 85 103 92 101 6 104 16 85 101

101 92 93 16 85 9 104 16 85 9 104 16 106 9 92 16 85 9 104 16

85 9 104 16 85 101 92 16 85 9 104 16 85 9 104 16 85 9 104 16

85 9 104 16 85 101 92 16 85 9 104 16 85 9 104 16 85 9 104 16

85 9 104 16 85 101 92 16 106 9 92 16 106 9 92 16 106 56 51 92

62 92 4 92 9 3 29 85 106 87 92 2 85 123 41 85 101 37 27 5

93 92 85 15 76 0 85 85 41 30 37 22 85 106 87 0 106 16 85 9

104 16 85 9 104 16 85 9 104 16 30 9 92 93 138 0 115 101 101 92

93 16 85 9 104 16 85 9 104 16 85 9 104 16 85 9 104 16 85 101

92 16 85 9 104 16 85 9 104 16 85 9 104 16 85 9 104 16 85 101

92 16 85 9 104 16 85 9 9 104 93 16 85 9 104 16 85 9 9 104

93 16 85 101 92 16 85 9 104 16 85 9 104 16 85 9 9 104 93 16

106 24 103 92 124 117 104 126 92 16 85 9 104 16 85 101 92 16 85 9

104 16 85 9 104 16 45 104 16 45 104 16 85 101 92 16 45 104 16 45

104 16 45 104 16 45 104 16 85 101 92 16 45 104 16 45 104 16 45 104

16 45 104 16 85 101 92 16 45 104 16 45 56 93 16 45 104 16 45 104

16 85 101 92 16 45 104 16 45 104 16 45 104 16 106 56 103 134 103 117

104 117 18 111 92 56 16 45 104 16 45 104 16 45 104 16 45 104 16 45

104 16 45 104 16 45 104 16 45 104 16 45 104 16 45 104 16 45 104 16

45 104 16 45 104 16 45 104 16 45 9 104 93 16 45 9 104 93 16 45

9 104 93 16 45 9 104 93 16 45 104 16 106 56 101 103 92 103 1 66

104 16 45 104 16 45 104 16 106 56 16 45 104 16 45 104 16 45 104 16

45 104 16 45 104 16 45 104 16 45 104 16 45 104 16 45 104 16 45 104

16 45 104 16 45 104 16 45 104 16 45 104 16 45 104 16 45 104 16 45

104 16 106 24 92 103 134 103 73 104 73 18 111 9 104 16 45 104 16 45

104 16 45 104 16 45 104 16 45 104 16 45 104 16 45 104 16 45 104 16

93 63 126 104 16 85 126 104 16 106 56 106 73 92 10 66 92 16 85 126

104 16 85 126 104 16 85 126 104 16 85 126 104 16 85 126 104 16 85 126

104 16 85 126 104 16 85 126 126 104 93 16 85 126 104 16 85 126 104 16

85 126 104 16 85 126 104 16 85 126 104 16 85 126 104 16 85 126 104 16

85 126 104 16 85 126 104 16 85 126 104 16 85 126 104 16 106 56 106 73

92 10 66 92 16 85 126 104 16 85 126 104 16 85 126 104 16 85 126 104

16 85 126 104 16 85 126 104 16 85 126 104 16 106 9 103 134 134 134 104

104 93 64 29 5 101 92 16 85 73 73 92 93 16 85 73 92 16 85 73

92 16 85 73 92 16 85 73 92 16 106 56 87 120 104 16 85 73 92 16

85 73 92 16 85 101 92 16 106 56 106 66 92 72 92 10 52 92 16 30

37 27 85 106 15 0 85 37 22 85 106 87 0 85 37 22 85 106 87 0

85 37 27 85 106 15 0 85 37 22 85 106 87 0 85 37 27 85 106 15

0 85 37 22 85 106 87 92 2 85 85 41 106 9 106 16 106 135 92 126

87 92 16 85 101 92 16 85 9 104 16 85 9 104 16 85 9 104 16 85

9 104 16 85 101 92 16 106 9 92 16 85 9 104 16 106 9 92 16 85

9 104 16 85 101 92 16 85 9 104 16 85 9 104 16 85 9 104 16 85

9 104 16 85 101 92 16 85 9 104 16 85 9 9 104 93 16 85 9 9

104 93 16 106 80 7 92 16 106 56 6 92 50 92 51 92 10 92 33 92

101 92 87 50 92 16 85 101 92 16 85 9 104 16 85 9 104 16 85 9

104 16 85 9 104 16 106 101 16 106 9 92 16 106 101 16 30 77 115 9

104 16 85 9 104 16 85 9 104 16 85 101 92 16 85 9 104 16 106 9

37 29 85 106 87 0 123 37 27 85 106 15 0 85 37 22 85 106 87 0

106 16 106 126 50 92 16 106 9 85 106 93 16 85 101 92 16 106 9 92

16 85 9 104 16 106 9 92 16 85 9 104 16 106 56 106 73 92 43 92

126 92 126 92 101 50 92 16 85 101 92 16 85 9 104 16 85 9 104 16

85 9 104 16 85 9 104 16 85 101 92 16 85 9 104 16 85 9 104 16

85 9 104 16 85 9 104 16 85 101 92 16 106 9 92 16 30 9 92 93

16 106 9 85 106 93 16 45 104 16 85 101 92 16 45 104 16 45 104 16

45 104 16 45 104 16 45 104 16 106 87 0 101 101 92 93 16 106 56 16

106 103 85 103 104 92 17 101 92 16 45 104 16 45 104 16 45 104 16 45

104 16 131 56 93 16 45 104 16 45 104 16 45 104 16 45 104 16 45 104

16 45 104 16 45 104 16 45 104 16 45 104 16 45 104 16 45 104 16 45

104 16 45 104 16 45 104 16 45 104 16 106 56 106 110 92 87 92 10 92

124 92 117 92 101 16 45 104 16 45 104 16 45 104 16 45 104 16 45 104

16 45 104 16 45 104 16 45 104 16 45 104 16 45 104 16 45 9 104 93

16 45 104 16 45 104 16 45 104 16 45 104 16 45 104 16 131 77 115 9

104 16 45 104 16 45 104 16 106 56 106 73 92 128 92 127 92 126 73 92

16 45 104 16 45 104 16 45 104 16 45 104 16 45 104 16 45 104 16 45

104 16 45 104 16 131 56 93 16 45 104 16 45 104 16 45 104 16 45 104

16 45 104 16 45 104 16 45 104 16 45 104 16 45 104 16 45 104 16 45

93 63 126 104 16 85 126 104 16 85 126 104 16 106 56 110 92 103 92 16

85 126 104 16 85 126 104 16 85 126 104 16 85 126 92 37 29 5 101 92

16 85 73 92 16 85 73 92 16 85 73 92 16 106 56 55 92 103 85 40

92 16 85 73 92 16 85 73 92 16 85 73 92 16 85 73 92 16 85 101

92 16 106 56 55 92 19 101 92 16 106 9 37 27 85 106 15 0 85 37

22 85 106 87 0 85 37 22 85 106 87 0 85 37 27 85 106 15 0 85

37 22 85 106 87 0 85 37 27 85 106 15 0 85 37 22 85 106 87 92

119 85 106 41 115 9 9 104 93 16 106 20 92 80 134 92 16 85 101 92

16 85 9 104 16 85 9 104 16 106 9 92 16 85 9 104 16 85 9 104

16 85 101 92 16 85 9 104 16 106 9 92 16 85 9 104 16 85 9 104

16 85 101 92 16 106 9 92 16 106 9 92 16 85 9 104 16 85 9 104

16 85 101 101 92 93 16 85 9 104 16 85 9 104 16 106 56 55 92 101

92 91 92 56 80 106 16 85 101 101 92 93 16 106 9 92 16 30 18 119

106 63 101 83 0 30 41 16 85 9 9 104 93 16 30 37 29 85 106 87

0 123 123 92 93 3 27 85 106 15 0 106 16 106 124 44 92 138 106 22

85 106 87 0 85 85 18 111 92 9 92 16 85 101 92 16 106 9 92 16

85 9 104 16 85 9 104 16 85 9 104 16 85 101 92 16 85 9 104 16

85 9 104 16 85 9 104 16 106 9 85 106 93 16 85 101 92 16 45 104

16 45 9 104 93 16 106 9 56 93 16 106 56 106 95 92 101 92 4 92

70 92 126 66 92 16 45 104 16 85 101 92 16 106 56 16 45 104 16 45

104 16 106 56 16 85 101 92 16 106 56 16 45 104 16 45 104 16 106 56

16 85 101 92 16 106 9 106 16 45 104 16 45 104 16 106 56 16 85 101

92 16 45 104 16 131 56 93 16 106 56 16 45 104 16 45 104 16 45 104

16 45 104 16 106 56 106 110 92 128 92 82 92 124 92 49 16 45 104 16

45 104 16 45 104 16 45 104 16 106 67 6 92 16 45 104 16 45 104 16

45 104 16 45 104 16 106 56 16 45 104 16 106 56 16 106 56 16 45 104

16 45 104 16 45 104 16 45 104 16 106 56 16 45 104 16 106 56 55 92

101 103 92 52 92 48 92 48 139 111 92 56 16 45 104 16 45 104 16 45

104 16 45 104 16 106 56 16 45 104 16 45 104 16 45 104 16 45 104 16

106 9 106 16 45 104 16 45 104 16 45 104 16 45 104 16 45 104 16 45

104 16 45 104 16 45 104 16 45 104 16 106 56 73 103 92 52 92 97 92

93 63 9 104 16 45 104 16 45 104 16 106 56 126 103 92 118 87 92 118

92 16 106 56 16 45 104 16 45 104 16 45 9 104 93 88 9 104 16 45

104 16 45 104 16 106 9 106 16 106 9 85 139 16 106 56 16 106 9 37

29 85 106 87 0 123 123 92 93 3 29 85 106 87 0 123 37 29 85 106

87 0 123 37 29 85 106 87 0 123 37 29 85 106 87 0 123 92 16 85

126 104 16 85 126 104 16 85 126 104 16 85 126 104 16 85 126 104 16 85

126 104 16 106 56 87 92 120 85 37 29 5 101 92 16 85 73 92 16 85

73 92 16 85 73 92 16 85 73 92 16 85 73 92 16 106 56 110 92 114

73 73 92 93 16 85 73 92 16 85 73 73 18 111 101 92 16 106 56 106

73 92 10 101 92 16 30 37 27 85 106 15 0 85 37 22 85 106 87 0

85 37 22 85 106 87 0 85 37 27 85 106 15 0 85 37 22 85 106 87

0 85 106 93 3 27 85 106 15 0 85 37 22 85 106 87 0 106 16 106

114 92 80 66 92 16 85 9 104 16 106 101 16 85 9 104 16 106 9 92

16 106 9 92 16 85 9 104 16 85 9 104 16 85 101 92 16 85 9 104

16 85 9 104 16 106 9 106 16 85 9 104 16 85 101 92 16 106 9 92

16 85 9 104 16 85 101 92 16 106 9 92 16 85 9 104 16 85 103 103

6 103 104 92 16 85 101 92 16 85 9 104 16 85 9 104 16 30 37 29

85 106 87 92 2 85 123 41 106 9 37 27 85 106 15 0 85 37 22 85

106 87 0 106 16 85 101 92 16 85 9 104 16 85 9 104 16 106 9 92

16 106 9 92 16 106 9 92 16 85 101 92 16 85 9 9 104 93 16 85

9 104 16 85 9 104 16 85 9 104 16 85 101 92 16 85 9 104 16 85

9 104 16 85 9 104 16 85 9 104 16 85 101 92 16 85 9 104 16 106

9 92 16 85 9 104 16 85 9 104 16 106 56 106 73 92 91 92 80 92

126 101 37 119 115 101 76 0 30 41 16 85 9 104 16 45 56 93 16 106

9 77 2 92 85 116 9 104 85 101 101 92 93 0 16 45 104 16 45 104

16 45 104 16 45 104 16 85 101 101 92 93 16 45 104 16 45 104 16 45

104 16 45 104 16 85 101 92 16 45 104 16 45 104 16 45 9 104 93 16

45 104 16 45 104 16 45 104 16 45 104 16 106 56 73 92 112 92 91 118

92 16 45 104 16 45 104 16 45 104 16 45 104 16 45 104 16 45 104 16

45 104 16 45 104 16 45 104 16 45 104 16 45 104 16 45 104 16 106 56

16 45 104 16 45 104 16 45 104 16 45 104 16 45 104 16 45 104 16 45

104 16 106 56 55 103 6 104 92 58 126 92 16 45 104 16 45 104 16 45

104 16 45 104 16 45 104 16 45 104 16 45 104 16 45 104 16 45 104 16

45 104 16 45 104 16 45 104 16 131 56 93 16 45 104 16 45 104 16 45

104 16 131 16 45 104 16 45 104 16 45 9 104 93 16 106 56 87 92 120

92 69 117 92 16 45 104 16 45 104 16 45 104 16 45 104 16 45 104 16

93 63 126 104 16 85 126 104 16 106 9 103 110 104 16 85 126 104 16 85

126 126 104 93 16 85 126 104 16 85 126 126 104 93 16 85 126 104 16 85

126 104 16 85 126 104 16 85 126 104 16 85 126 126 104 93 3 29 5 101

92 16 85 73 92 73 93 16 85 73 73 92 93 16 106 56 126 10 10 104

92 93 88 73 92 16 85 73 92 16 85 73 92 16 85 73 92 16 85 73

92 16 106 24 92 103 85 110 110 104 93 16 85 101 92 16 106 56 73 92

17 87 92 16 106 9 37 27 85 106 15 0 85 37 22 85 106 87 0 85

37 22 85 106 87 0 85 37 27 85 106 15 0 85 37 22 85 106 87 0

85 37 27 85 106 15 0 85 37 22 85 106 87 0 106 16 85 9 104 16

106 32 92 53 118 92 16 85 9 104 16 85 9 104 16 85 101 92 16 85

9 104 16 85 9 104 16 85 9 104 16 106 9 92 16 85 101 92 16 85

9 104 16 85 9 104 16 85 9 104 16 85 9 104 16 85 101 92 16 85

9 104 16 85 9 9 92 18 111 9 104 16 106 9 92 16 85 101 92 16

106 9 106 16 85 9 104 16 106 9 92 16 85 9 104 16 106 56 66 92

71 92 97 126 92 16 85 101 92 16 85 9 104 16 85 9 104 16 85 101

92 16 85 9 104 16 30 16 85 9 104 16 85 9 104 16 85 101 37 29

85 106 87 0 123 37 27 85 106 15 0 106 16 85 93 9 92 106 92 22

0 85 106 87 0 106 16 85 9 104 16 85 9 104 16 106 9 92 16 85

101 92 16 85 9 104 16 85 9 104 16 85 9 104 16 85 9 104 16 85

101 92 16 85 9 104 16 85 9 104 16 85 9 104 16 106 56 106 114 92

103 1 104 9 66 66 92 93 16 106 9 92 16 85 101 92 16 45 104 16

106 56 16 45 104 16 85 101 92 16 45 104 16 45 104 16 45 104 16 45

104 16 85 101 92 16 131 56 93 16 106 56 16 106 56 16 106 56 16 85

101 92 16 106 56 16 106 56 16 45 104 16 45 104 16 45 9 104 93 16

106 56 16 45 104 16 106 129 92 103 28 103 92 66 92 66 18 111 9 9

104 93 16 45 104 16 45 104 16 45 104 16 131 56 93 16 45 104 16 45

104 16 45 104 16 45 104 16 45 104 16 45 104 16 45 104 16 45 104 16

45 104 16 45 56 18 111 9 104 16 45 104 16 45 104 16 106 56 16 45

104 16 106 56 55 103 92 6 104 129 118 92 16 45 104 16 45 104 16 106

80 7 92 16 45 104 16 45 104 16 45 104 16 45 104 16 45 104 16 45

104 16 45 9 104 93 16 45 104 16 45 104 16 106 56 16 45 104 16 45

104 16 45 104 16 45 104 16 45 104 16 45 104 16 45 104 16 106 56 55

92 101 92 103 92 8 49 92 16 45 104 16 45 104 16 106 56 16 45 104

93 63 9 104 16 45 104 16 45 104 16 106 56 106 52 92 101 92 62 92

80 0 32 85 18 111 92 56 16 106 56 16 106 80 7 92 16 106 53 1

92 16 45 104 93 92 85 106 29 85 106 87 0 123 123 92 93 3 29 85

106 87 0 123 37 29 85 106 87 0 123 37 29 85 106 87 0 123 37 29

85 106 87 0 123 123 104 93 88 126 104 16 85 126 104 126 93 16 85 126

104 16 85 126 104 16 85 126 104 16 85 126 92 37 29 5 101 92 16 85

73 92 16 85 73 92 16 106 56 73 92 19 92 16 85 73 92 16 85 73

73 92 93 16 85 73 92 16 85 73 92 16 85 101 92 101 93 16 106 56

55 92 66 92 4 52 92 16 106 9 37 27 85 106 15 0 85 37 22 85

106 87 0 85 37 22 85 106 87 0 85 85 18 138 27 85 106 15 0 85

37 22 85 106 87 0 85 37 27 85 106 15 0 85 37 22 85 106 87 0

106 16 106 9 92 16 106 114 92 8 134 92 16 85 101 92 16 85 9 104

16 85 9 104 16 85 9 104 16 106 9 92 16 85 9 104 16 85 101 92

16 85 9 104 16 85 9 104 16 85 9 104 16 85 9 104 16 85 101 92

16 85 9 104 16 85 9 104 16 85 9 104 16 106 126 137 92 16 85 101

92 101 93 16 85 9 104 16 85 9 104 16 85 9 9 104 93 16 106 56

106 66 92 87 92 42 92 118 92 126 117 92 16 106 101 16 106 9 92 16

85 9 104 16 85 101 92 16 85 9 104 16 85 9 104 16 30 37 29 85

106 87 0 123 37 27 85 106 15 0 85 37 22 85 106 87 0 106 16 106

9 92 16 85 101 92 16 85 9 104 16 85 9 104 16 106 9 92 16 106

80 7 92 16 85 101 92 16 106 9 92 16 85 9 104 16 85 9 104 16

85 9 104 16 85 101 92 16 106 9 92 16 106 9 92 16 85 9 104 16

85 9 104 16 106 56 106 110 92 114 92 8 112 104 16 85 101 92 16 45

104 16 45 56 93 16 45 104 16 106 56 16 85 101 92 16 106 56 16 106

56 16 45 104 16 45 104 16 85 101 92 16 45 104 16 45 104 16 45 104

16 45 104 16 85 101 92 16 106 9 106 16 106 56 16 45 104 16 45 104

16 85 101 92 16 106 56 16 106 56 16 45 104 16 45 104 16 106 56 55

92 66 92 91 103 15 104 16 45 104 16 106 56 16 106 56 16 45 104 16

106 56 16 45 104 16 45 104 16 45 104 16 45 104 16 45 104 16 45 104

16 45 104 16 45 104 16 45 104 16 106 56 16 45 104 16 45 104 16 45

104 16 45 104 16 45 104 16 106 80 92 123 92 7 92 66 92 52 92 10

92 101 92 117 92 101 89 92 16 45 104 16 45 9 104 93 16 45 104 16

45 104 16 45 104 16 45 104 16 45 104 16 45 104 16 45 104 16 45 104

16 45 104 16 45 104 16 45 104 16 45 104 16 45 104 16 45 104 16 45

104 16 45 104 16 45 9 104 93 16 45 104 16 106 56 106 101 92 94 92

90 92 49 101 92 16 45 104 16 45 104 16 45 104 16 45 104 16 45 104

93 63 9 104 16 45 9 104 93 16 45 104 16 45 104 16 45 104 16 45

104 16 106 56 106 66 92 66 92 128 92 126 92 126 92 126 16 106 53 1

1 92 93 16 45 104 16 106 56 16 45 104 16 131 37 29 85 106 87 92

123 85 123 18 138 29 85 106 87 0 123 37 29 85 106 87 0 123 37 29

85 106 87 0 123 37 29 85 106 87 0 123 123 92 93 16 85 126 104 16

85 126 104 16 85 126 104 16 85 126 104 16 85 126 126 104 93 3 29 5

101 92 16 85 73 92 16 85 73 73 92 93 16 106 56 134 92 51 92 62

92 16 85 73 92 16 85 73 92 16 85 73 92 16 85 73 92 16 85 73

92 16 106 56 66 92 73 94 104 16 85 101 92 16 106 56 106 87 92 61

92 80 16 30 37 27 85 106 15 0 85 37 22 85 106 87 0 85 37 22

85 106 87 0 85 37 27 85 106 15 0 85 37 22 85 106 87 0 85 37

27 85 106 15 0 85 37 22 85 106 87 92 2 85 85 41 85 9 9 92

93 16 106 114 92 126 87 92 16 85 9 104 16 106 9 92 16 85 9 104

16 106 101 16 85 9 104 16 106 9 92 16 85 9 104 16 85 9 104 16

85 101 92 16 85 9 9 104 93 16 85 9 104 16 85 9 104 16 85 9

104 16 85 101 92 16 85 9 104 16 85 9 104 16 85 9 104 16 106 9

106 16 85 101 92 16 85 9 104 16 85 9 104 16 85 9 104 16 106 56

106 110 92 51 92 34 92 124 92 118 92 65 16 85 101 92 16 106 9 92

16 85 101 92 16 85 9 104 16 85 9 104 16 85 9 104 16 85 9 104

16 85 101 37 29 85 106 87 0 123 37 27 85 106 15 92 119 85 106 41

115 92 9 37 22 85 106 87 0 106 16 85 9 104 16 106 9 92 16 106

9 92 16 85 101 92 16 85 9 104 16 85 9 104 16 85 9 104 16 85

9 104 16 85 101 92 16 85 9 104 16 106 9 92 16 85 9 104 16 106

56 55 92 103 106 92 103 7 101 101 104 93 88 92 9 92 16 85 101 92

16 106 56 16 106 9 106 16 106 56 16 106 56 16 85 101 92 16 45 104

16 45 104 16 106 56 16 45 104 16 85 101 92 16 45 104 16 45 104 16

45 104 16 106 56 16 85 101 92 16 106 56 16 45 104 16 45 104 16 45

104 16 45 104 16 106 56 16 45 104 16 106 56 55 92 19 92 103 85 126

126 92 93 16 45 104 16 45 104 16 106 56 16 45 104 16 45 104 16 45

104 16 45 104 16 45 104 16 45 104 16 45 9 104 93 16 45 104 16 45

104 16 106 56 16 45 104 16 45 104 16 45 104 16 45 104 16 45 104 16

45 104 16 45 104 16 106 56 101 92 103 134 104 54 101 92 16 106 56 16

45 104 16 106 56 16 45 104 16 45 104 16 45 104 16 45 104 16 45 9

104 93 16 45 104 16 45 104 16 45 104 16 45 104 16 106 56 16 45 104

16 45 104 16 45 104 16 106 9 56 93 16 45 104 16 45 104 16 45 104

16 106 56 73 103 92 66 104 103 85 1 92 16 106 126 66 92 16 45 104

16 45 104 16 45 104 16 45 104 16 45 104 16 45 104 16 45 104 16 45

93 92 29 85 106 87 0 123 92 16 85 126 104 16 85 126 104 16 85 126

104 16 85 126 104 16 85 126 104 16 85 126 104 16 85 126 104 16 85 126

104 16 85 126 104 16 85 126 92 16 85 126 104 16 85 126 104 16 85 126

104 16 106 114 92 65 10 104 16 85 126 92 126 92 93 16 85 126 104 16

85 126 104 16 85 126 104 16 85 126 104 16 85 126 104 16 85 126 92 37

29 5 101 92 16 85 73 104 73 31 111 73 92 16 85 73 92 16 106 56

66 92 103 85 1 92 16 85 73 92 16 85 73 92 16 85 73 92 16 85

73 92 16 85 101 92 16 106 56 106 110 92 103 50 92 16 106 9 37 27

85 106 15 0 85 37 22 85 106 87 0 85 37 22 85 106 87 0 85 37

27 85 106 15 0 85 37 22 85 106 87 0 85 37 27 85 106 15 0 85

37 22 85 106 87 0 85 106 92 93 88 92 135 92 126 87 92 16 85 9

104 16 85 101 92 16 85 9 104 16 85 9 104 16 85 9 104 16 85 9

104 16 85 101 92 16 106 32 134 92 134 92 93 88 9 104 16 85 9 104

16 85 9 104 16 106 101 16 106 9 92 16 85 9 104 16 85 9 104 16

106 9 92 16 85 101 119 101 92 75 93 30 41 16 85 9 104 16 85 9

104 16 106 56 126 92 19 92 8 92 32 16 85 101 92 16 106 9 92 16

85 9 104 16 85 9 104 16 85 101 101 92 93 16 85 9 104 16 30 37

29 85 106 87 0 123 37 27 85 106 15 0 85 37 22 85 106 87 0 106

16 106 9 106 16 106 9 92 16 85 101 92 16 85 9 104 16 106 9 92

16 85 9 104 16 85 9 104 16 85 101 101 92 93 16 85 9 9 104 93

16 85 9 104 16 85 9 104 16 85 9 104 16 85 101 92 16 45 104 16

106 56 16 45 104 16 45 104 16 106 56 6 92 133 92 35 92 114 101 113

119 5 101 104 75 5 9 104 16 106 56 16 45 104 16 45 104 16 119 45

104 75 0 85 101 92 16 45 104 16 45 104 16 45 104 16 45 104 16 85

101 92 16 45 104 16 45 104 16 45 104 16 45 104 16 85 101 92 16 45

104 16 45 104 16 45 104 16 45 104 16 45 104 16 45 104 16 45 104 16

106 56 55 92 101 103 92 51 92 118 92 49 92 16 45 104 16 45 104 16

45 104 16 45 104 16 45 104 16 45 104 16 45 104 16 45 104 16 45 104

16 45 104 16 45 104 16 45 104 16 45 104 16 45 104 16 45 104 16 45

104 16 45 104 16 45 104 16 45 104 16 45 104 16 106 56 73 103 92 66

104 60 49 92 16 45 104 16 45 104 16 45 104 16 45 104 16 45 104 16

45 104 16 45 104 16 106 56 16 45 104 16 45 104 16 106 56 16 45 104

16 45 104 16 45 104 16 45 104 16 45 104 16 45 104 16 45 104 16 45

104 16 45 104 16 106 56 55 92 19 103 32 104 16 45 104 16 45 104 16

45 104 16 45 104 16 45 104 16 45 104 16 45 104 16 45 104 16 131 41

92 111 126 104 16 85 126 92 126 92 93 16 85 126 104 16 85 126 104 16

85 126 104 16 85 126 104 16 85 126 104 16 85 126 104 16 85 126 104 16

85 126 92 37 29 5 101 101 92 93 16 85 73 92 16 106 56 106 73 19

104 16 85 73 92 16 85 73 73 92 93 16 85 73 92 16 85 73 92 16

85 73 92 16 106 56 106 100 92 118 92 21 92 16 85 101 92 16 106 56

106 87 92 126 92 8 92 16 106 9 37 27 85 106 15 0 85 37 22 85

106 87 0 85 37 22 85 106 87 0 85 85 18 138 27 85 106 15 0 85

37 22 85 106 87 0 85 37 27 85 106 15 0 85 37 22 85 106 87 0

106 16 106 103 26 65 92 65 104 93 88 9 104 16 85 9 104 16 85 9

104 16 85 101 92 16 85 9 104 16 106 9 92 16 85 9 104 16 30 9

92 93 16 85 9 104 16 85 101 92 16 85 9 104 16 106 9 92 16 85

9 104 16 85 9 104 16 85 101 92 16 85 9 104 16 106 101 16 106 9

106 16 85 9 104 16 85 9 104 16 106 135 92 15 92 103 1 104 91 66

92 16 106 9 92 16 85 101 92 16 30 37 29 85 106 87 92 2 85 123

41 106 9 104 93 85 106 27 85 106 15 0 85 37 22 85 106 87 0 85

106 92 93 88 9 104 16 106 9 92 16 85 101 92 16 85 9 104 16 85

9 104 16 85 9 104 16 85 9 104 16 85 101 92 16 45 104 16 45 104

16 45 104 16 45 104 16 85 101 92 16 45 104 16 45 104 16 106 56 16

106 56 16 85 101 92 16 45 104 16 45 104 16 106 56 16 106 56 134 92

101 103 104 60 49 92 16 45 104 16 85 101 92 16 45 104 16 45 104 16

106 56 16 45 104 16 85 101 92 16 106 56 16 45 104 16 106 56 16 106

84 1 92 16 85 101 92 16 45 104 16 45 104 16 45 104 16 106 56 16

85 101 92 16 106 56 16 45 104 16 45 104 16 106 126 66 92 16 85 101

92 16 106 56 16 45 104 16 45 104 16 106 9 103 92 66 103 15 104 92

16 45 9 104 93 16 45 104 16 45 104 16 45 104 16 45 104 16 45 104

16 45 104 16 45 104 16 45 104 16 45 104 16 45 104 16 45 104 16 45

104 16 45 104 16 45 104 16 45 104 16 45 104 16 45 104 16 45 104 16

106 56 16 106 56 73 92 19 92 120 118 92 16 45 104 16 45 104 16 45

104 16 45 104 16 45 104 16 45 104 16 45 104 16 45 104 16 106 56 16

45 104 16 45 104 16 45 104 16 45 104 16 45 104 16 45 104 16 106 126

93 63 92 56 16 45 104 16 106 56 16 45 104 16 106 56 16 106 9 77

138 76 29 85 85 106 56 106 87 92 106 85 123 123 92 93 3 29 85 106

87 0 123 37 29 85 106 87 0 123 37 29 85 106 87 0 123 37 29 85

106 87 0 123 92 16 85 126 104 16 85 126 104 16 85 126 104 16 85 126

104 16 85 126 104 16 85 126 104 16 85 126 92 37 29 5 101 92 16 85

73 92 16 106 80 92 123 92 106 66 92 72 92 74 66 92 16 85 73 92

16 85 73 92 16 85 73 92 16 85 73 73 92 93 16 85 73 92 16 106

56 106 73 92 19 92 16 85 101 92 16 106 56 106 73 92 24 101 92 16

106 9 37 27 85 106 15 0 85 37 22 85 106 87 0 85 37 22 85 106

87 0 85 85 18 138 27 85 106 15 0 85 37 22 85 106 87 0 85 37

27 85 106 15 0 85 37 22 85 106 87 92 138 85 85 116 41 106 9 92

16 106 20 92 114 16 85 101 92 16 106 9 92 16 106 9 92 16 85 9

104 16 85 9 104 16 85 101 92 16 106 9 92 16 106 9 92 16 85 9

104 16 85 9 104 16 85 101 92 16 85 9 104 16 106 9 92 16 85 101

92 16 85 9 104 16 85 9 104 16 106 9 92 16 106 56 66 92 103 106

91 126 92 126 139 111 9 104 16 106 101 16 85 9 104 16 30 37 29 85

106 87 92 2 123 85 41 106 9 37 27 85 106 15 0 85 37 22 85 106

87 0 106 16 106 9 92 16 85 101 92 16 85 9 104 16 106 9 106 16

85 9 104 16 106 9 92 16 106 9 92 16 85 101 92 16 85 9 104 16

85 9 104 16 85 9 104 16 106 56 16 85 101 92 16 45 104 16 45 104

16 45 104 16 131 56 93 16 85 101 92 16 45 104 16 45 104 16 106 56

16 106 56 55 92 8 92 91 92 10 66 92 16 45 104 16 106 101 16 45

104 16 45 104 16 106 56 16 45 104 16 106 101 16 45 104 16 45 104 16

45 104 16 45 104 16 85 101 101 92 93 16 45 104 16 106 56 16 106 56

16 45 104 16 106 101 16 45 104 16 106 56 16 106 56 16 45 104 16 85

101 92 16 45 104 16 106 56 16 45 104 16 106 56 106 52 92 32 92 9

103 66 66 104 93 16 106 9 106 16 45 104 16 45 104 16 45 104 16 45

104 16 45 104 16 106 56 16 106 56 16 45 104 16 45 104 16 45 104 16

45 104 16 45 104 16 45 104 16 45 104 16 45 104 16 45 104 16 45 104

16 45 104 16 45 104 16 106 9 103 23 104 92 94 102 102 92 93 16 106

126 66 92 16 45 104 16 45 104 16 45 104 16 45 104 16 106 56 16 45

104 16 45 104 16 106 56 16 45 104 16 45 104 16 45 104 16 45 104 16

93 63 9 104 16 45 104 16 45 104 16 106 9 106 16 131 77 138 75 29

85 106 9 41 106 87 0 123 123 92 93 3 29 85 106 87 92 123 85 37

29 85 106 87 0 123 37 29 85 106 87 0 123 37 29 85 106 87 0 123

92 16 85 126 104 16 85 126 104 16 85 126 104 16 85 126 126 104 93 16

85 126 104 16 85 126 104 16 85 126 104 16 85 126 126 104 93 16 85 126

104 16 85 126 104 16 85 126 104 16 106 56 106 73 92 8 73 37 29 5

101 92 16 85 73 92 16 85 73 92 16 85 73 92 16 85 73 92 16 85

73 92 16 106 56 126 54 54 104 93 16 85 73 92 16 85 101 92 16 106

56 106 73 92 10 101 92 16 106 9 37 27 85 106 15 0 85 37 22 85

106 87 92 85 85 37 22 85 106 87 0 85 37 27 85 106 15 0 85 37

22 85 106 87 0 85 37 27 85 106 15 0 85 37 22 85 106 87 0 106

93 0 121 92 9 92 16 106 114 92 126 87 92 16 85 101 92 16 85 9

104 16 106 9 106 16 85 9 104 16 85 9 104 16 85 101 92 16 106 68

1 92 16 85 9 104 16 85 9 104 16 85 9 104 16 85 101 92 16 106

9 92 16 85 101 92 16 106 9 106 16 85 9 104 16 85 9 104 16 106

56 73 103 92 66 15 114 92 16 85 101 92 16 30 37 29 85 106 87 0

123 37 27 85 106 15 0 85 37 22 85 106 87 92 2 85 85 41 106 9

92 16 106 9 92 16 106 9 92 16 85 101 92 16 85 9 104 16 106 9

92 16 85 9 104 16 30 77 122 0 85 116 101 92 106 85 9 104 16 106

9 92 16 45 104 16 45 104 16 106 9 106 16 85 101 92 16 45 9 104

93 16 45 104 16 106 56 16 45 104 16 85 101 92 16 131 56 93 16 106

56 16 45 104 16 106 56 106 124 103 92 73 104 118 101 101 18 111 92 56

16 106 101 16 45 104 16 106 56 16 106 56 16 106 56 16 85 101 92 16

45 104 16 106 9 106 16 45 104 16 45 104 16 85 101 92 16 106 56 16

45 104 16 45 104 16 45 104 16 85 101 92 16 106 9 106 16 45 104 16

45 104 16 106 56 16 85 101 92 16 45 104 16 45 104 16 45 104 16 106

56 55 92 91 103 92 134 49 92 16 45 104 16 45 104 16 106 56 16 45

104 16 45 104 16 45 104 16 45 104 16 45 104 16 45 104 16 45 104 16

45 104 16 106 56 16 106 56 16 45 104 16 45 104 16 45 104 16 45 104

16 45 104 16 45 104 16 45 104 16 106 56 66 92 60 92 97 92 33 52

92 16 106 56 16 106 56 16 45 104 16 45 104 16 45 104 16 45 104 16

45 104 16 45 104 16 45 104 16 106 56 16 45 104 16 45 104 16 45 104

16 45 9 104 93 16 45 104 16 45 104 16 45 104 16 45 104 16 45 104